RUN :          INT LUMI :     INST LUMI :    
202736         49.07          6.11e+31       
202738         304.94         5.60e+31       
202739         1794.43        3.00e+31       
202741         13.49          1.84e+31       
202770         1067.91        1.13e+32       
202771         3365.56        4.75e+31       
202817         226.49         2.03e+31       
202972         74.53          7.79e+31       
202973         2504.19        3.49e+31       
202998         17.14          1.67e+31       
203000         40.68          1.63e+31       
203001         17.95          1.60e+31       
203015         1974.74        7.32e+31       
203020         46.82          4.63e+31       
203054         65.59          6.20e+31       
203055         2223.89        3.85e+31       
203066         264.04         2.23e+31       
203067         43.76          1.96e+31       
203091         685.29         9.02e+31       
203139         1100.09        4.07e+31       
203140         32.33          2.72e+31       
203141         420.91         2.28e+31       
203142         17.35          1.84e+31       
203143         217.88         1.65e+31       
203150         186.03         9.62e+31       
203153         1999.55        4.25e+31       
203155         450.91         2.29e+31       
203159         76.84          1.96e+31       
203190         2143.33        8.44e+31       
203192         31.41          5.75e+31       
203195         1329.74        4.10e+31       
203202         208.79         2.75e+31       
203205         54.47          2.32e+31       
203206         205.28         2.23e+31       
203212         21.06          1.98e+31       
203213         11.46          2.01e+31       
203262         1289.22        1.04e+32       
203263         568.93         7.03e+31       
203265         2678.70        3.62e+31       
203303         26.92          2.03e+31       
203304         10.46          1.97e+31       
203309         89.36          1.76e+31       
203334         568.81         1.07e+32       
203335         283.30         8.89e+31       
203336         406.91         7.81e+31       
203345         580.25         6.15e+31       
203347         792.98         4.51e+31       
203348         776.76         3.06e+31       
203383         723.66         9.39e+31       
203433         422.84         7.55e+31       
203435         281.35         6.55e+31       
203437         602.55         5.45e+31       
203439         481.08         4.24e+31       
203442         511.88         3.34e+31       
203443         49.50          2.97e+31       
203452         27.00          2.75e+31       
203453         54.13          2.63e+31       
203454         15.10          2.39e+31       
203456         169.30         2.44e+31       
203457         360.35         2.10e+31       
203488         2168.83        8.66e+31       
203502         223.75         6.03e+31       
203506         670.66         4.57e+31       
203509         715.88         3.25e+31       
203513         335.39         2.52e+31       
203625         155.45         8.41e+31       
203626         781.41         6.85e+31       
203634         213.50         5.43e+31       
203643         79.86          5.08e+31       
203650         283.64         4.71e+31       
203663         239.28         4.19e+31       
203673         238.45         3.74e+31       
203683         102.87         3.29e+31       
203685         805.23         2.35e+31       
203686         47.79          1.84e+31       
203687         24.73          1.82e+31       
203764         1187.26        7.45e+31       
203765         730.76         4.43e+31       
203797         1725.98        4.69e+31       
203799         739.31         2.15e+31       
203819         2490.32        6.91e+31       
203824         1049.84        3.10e+31       
203826         274.05         2.02e+31       
203869         38.65          1.07e+32       
203871         73.27          8.85e+31       
203872         197.09         8.17e+31       
203873         104.96         7.66e+31       
203874         302.08         6.93e+31       
203881         2174.12        3.51e+31       
203894         23.57          1.76e+31       
203896         54.75          1.71e+31       
204076         119.39         1.12e+32       
204077         782.17         8.81e+31       
204079         374.29         6.79e+31       
204082         122.84         6.03e+31       
204105         205.85         8.98e+31       
204107         146.97         7.92e+31       
204109         95.29          6.91e+31       
204111         676.95         5.61e+31       
204116         377.84         4.02e+31       
