138809 0 -1 
138815 0 -1 
138819 0 -1 
138820 0 -1 
138822 0 -1 
138831 0 -1 
138838 0 -1 
138839 0 -1 
138858 0 -1 
138859 0 -1 
138860 0 -1 
138861 0 -1 
138863 0 -1 
138864 0 -1 
139207 0 -1 
139209 0 -1 
139248 0 -1 
139249 0 -1 
139253 0 -1 
139277 0 -1 
139278 0 -1 
139295 0 -1 
139298 0 -1 
139299 0 -1 
139300 0 -1 
139335 0 -1 
139336 0 -1 
139337 0 -1 
139338 0 -1 
139367 0 -1 
139368 0 -1 
139369 0 -1 
139370 0 -1 
139375 0 -1 
139781 0 -1 
139783 0 -1 
139787 0 -1 
139788 0 -1 
139801 0 -1 
139897 0 -1 
140129 0 -1 
140131 0 -1 
140148 0 -1 
140149 0 -1 
140150 0 -1 
140155 0 -1 
140156 0 -1 
140157 0 -1 
140217 0 -1 
140218 0 -1 
140219 0 -1 
140220 0 -1 
140241 0 -1 
140242 0 -1 
140257 0 -1 
140315 0 -1 
140721 0 -1 
140722 0 -1 
140723 0 -1 
140725 0 -1 
140826 0 -1 
140828 0 -1 
140829 0 -1 
140832 0 -1 
140850 0 -1 
140851 0 -1 
140852 0 -1 
140973 0 -1 
141002 0 -1 
141013 0 -1 
141038 0 -1 
141039 0 -1 
141042 0 -1 
141044 0 -1 
141046 0 -1 
141088 0 -1 
141092 0 -1 
141094 0 -1 
141097 0 -1 
141100 0 -1 
141140 0 -1 
141141 0 -1 
141143 0 -1 
141144 0 -1 
141146 0 -1 
141189 0 -1 
141190 0 -1 
141191 0 -1 
141192 0 -1 
141213 0 -1 
141216 0 -1 
141218 0 -1 
141438 0 -1 
141446 0 -1 
141508 0 -1 
141540 0 -1 
141542 0 -1 
141543 0 -1 
141544 0 -1 
141572 0 -1 
141576 0 -1 
141577 0 -1 
141597 0 -1 
141598 0 -1 
141618 0 -1 
141619 0 -1 
141621 0 -1 
141660 0 -1 
141928 0 -1 
141931 0 -1 
141948 0 -1 
141950 0 -1 
141984 0 -1 
141989 0 -1 
142106 0 -1 
142107 0 -1 
142108 0 -1 
142109 0 -1 
142110 0 -1 
142111 0 -1 
142130 0 -1 
142131 0 -1 
142168 0 -1 
142170 0 -1 
142177 0 -1 
142202 0 -1 
142227 0 -1 
142243 0 -1 
142558 0 -1 
142654 0 -1 
143254 0 -1 
143257 0 -1 
143281 0 -1 
143284 0 -1 
143814 0 -1 
143815 0 -1 
143821 0 -1 
143829 0 -1 
143847 0 -1 
143857 0 -1 
143862 0 -1 
143863 0 -1 
143890 0 -1 
143934 0 -1 
143935 0 -1 
143936 0 -1 
143937 0 -1 
143938 0 -1 
143939 0 -1 
143980 0 -1 
143981 0 -1 
144002 0 -1 
144013 0 -1 
144015 0 -1 
144016 0 -1 
144018 0 -1 
144226 0 -1 
144295 0 -1 
144296 0 -1 
144302 0 -1 
144304 0 -1 
144305 0 -1 
144327 0 -1 
144329 0 -1 
144330 0 -1 
144419 0 -1 
144420 0 -1 
144422 0 -1 
144423 0 -1 
144424 0 -1 
144428 0 -1 
144453 0 -1 
144455 0 -1 
144456 0 -1 
144457 0 -1 
144573 0 -1 
144574 0 -1 
144575 0 -1 
144576 0 -1 
144578 0 -1 
144624 0 -1 
144627 0 -1 
144628 0 -1 
144671 0 -1 
144673 0 -1 
144674 0 -1 
144680 0 -1 
144694 0 -1 
144696 0 -1 
144712 0 -1 
144713 0 -1 
144714 0 -1 
144883 0 -1 
144884 0 -1 
144933 0 -1 
144935 0 -1 
144941 0 -1 
144942 0 -1 
145004 0 -1 
145005 0 -1 
145006 0 -1 
145029 0 -1 
145032 0 -1 
145033 0 -1 
145034 0 -1 
145035 0 -1 
145036 0 -1 
145043 0 -1 
145044 0 -1 
145045 0 -1 
145046 0 -1 
145047 0 -1 
145052 0 -1 
145071 0 -1 
145094 0 -1 
145096 0 -1 
145192 0 -1 
145217 0 -1 
145411 0 -1 
145414 0 -1 
145415 0 -1 
145418 0 -1 
145420 0 -1 
145450 0 -1 
145532 0 -1 
145608 0 -1 
145613 0 -1 
145650 0 -1 
145651 0 -1 
145654 0 -1 
145669 0 -1 
146805 0 -1 
146833 0 -1 
146847 0 -1 
146850 0 -1 
146851 0 -1 
146920 0 -1 
147165 0 -1 
147804 0 -1 
147805 0 -1 
147806 0 -1 
147830 0 -1 
147832 0 -1 
147834 0 -1 
147835 0 -1 
147836 0 -1 
147837 0 -1 
147843 0 -1 
147865 0 -1 
147866 0 -1 
147869 0 -1 
148152 0 -1 
148153 0 -1 
148154 0 -1 
148157 0 -1 
148288 0 -1 
148291 0 -1 
148293 0 -1 
148373 0 -1 
148375 0 -1 
148376 0 -1 
148377 0 -1 
148648 0 -1 
148649 0 -1 
148674 0 -1 
148774 0 -1 
148775 0 -1 
148824 0 -1 
148825 0 -1 
148846 0 -1 
148852 0 -1 
148856 0 -1 
148857 0 -1 
148858 0 -1 
148908 0 -1 
148916 0 -1 
148950 0 -1 
148951 0 -1 
148953 0 -1 
149052 0 -1 
149053 0 -1 
149055 0 -1 
149056 0 -1 
149058 0 -1 
149059 0 -1 
149259 0 -1 
149264 0 -1 
149292 0 -1 
149299 0 -1 
149344 0 -1 
149354 0 -1 
149355 0 -1 
149385 0 -1 
149386 0 -1 
149387 0 -1 
149481 0 -1 
149492 0 -1 
149493 0 -1 
149663 0 -1 
149676 0 -1 
149677 0 -1 
149678 0 -1 
149680 0 -1 
149681 0 -1 
149682 0 -1 
149685 0 -1 
150010 0 -1 
150063 0 -1 
150066 0 -1 
150067 0 -1 
150070 0 -1 
150079 0 -1 
150080 0 -1 
150086 0 -1 
150087 0 -1 
150088 0 -1 
150108 0 -1 
150109 0 -1 
150110 0 -1 
150112 0 -1 
150113 0 -1 
150117 0 -1 
150118 0 -1 
150139 0 -1 
150140 0 -1 
150141 0 -1 
150145 0 -1 
150149 0 -1 
150287 0 -1 
150288 0 -1 
150289 0 -1 
150291 0 -1 
150340 0 -1 
150395 0 -1 
150415 0 -1 
150416 0 -1 
150418 0 -1 
150419 0 -1 
150420 0 -1 
150421 0 -1 
150422 0 -1 
150427 0 -1 
150428 0 -1 
150431 0 -1 
150432 0 -1 
150433 0 -1 
150435 0 -1 
150443 0 -1 
150444 0 -1 
150799 0 -1 
150801 0 -1 
150802 0 -1 
150803 0 -1 
150805 0 -1 
150819 0 -1 
150820 0 -1 
150821 0 -1 
150823 0 -1 
150824 377 -1 
150853 0 -1 
150856 0 -1 
150882 0 -1 
150883 0 -1 
150884 0 -1 
150885 0 -1 
150886 0 -1 
150990 0 -1 
151040 0 -1 
151087 0 -1 
151088 0 -1 
151092 0 -1 
151111 0 -1 
151115 0 -1 
151116 0 -1 
151118 0 -1 
151120 0 -1 
151121 0 -1 
151128 0 -1 
151134 0 -1 
151135 0 -1 
151138 0 -1 
151139 0 -1 
151140 0 -1 
151141 0 -1 
151142 0 -1 
151143 0 -1 
151144 0 -1 
151228 0 -1 
151229 0 -1 
151231 0 -1 
151235 0 -1 
151236 0 -1 
151237 0 -1 
151238 0 -1 
151239 0 -1 
151240 0 -1 
151434 0 -1 
151435 0 -1 
151436 0 -1 
151449 0 -1 
151476 0 -1 
151477 0 -1 
151483 0 -1 
151509 0 -1 
151513 0 -1 
151514 0 -1 
151515 0 -1 
151517 0 -1 
151555 0 -1 
151556 0 -1 
151557 0 -1 
151628 0 -1 
151641 0 -1 
151683 0 -1 
151688 0 -1 
151808 0 -1 
151810 0 -1 
151811 0 -1 
151841 0 -1 
151842 0 -1 
151843 0 -1 
151844 0 -1 
151845 0 -1 
151868 0 -1 
151869 0 -1 
151870 0 -1 
151871 0 -1 
151872 0 -1 
151873 0 -1 
151900 0 -1 
151901 0 -1 
151902 0 -1 
151903 0 -1 
151906 0 -1 
151907 0 -1 
151911 0 -1 
151914 0 -1 
151917 0 -1 
151918 0 -1 
151919 0 -1 
151920 0 -1 
151922 0 -1 
151968 0 -1 
151969 0 -1 
151971 0 -1 
151974 0 -1 
151976 0 -1 
151978 0 -1 
151980 0 -1 
152118 0 -1 
152121 0 -1 
152122 0 -1 
152123 0 -1 
152124 0 -1 
152125 0 -1 
152170 0 -1 
152171 0 -1 
152266 0 -1 
152267 0 -1 
152270 0 -1 
152271 0 -1 
152273 0 -1 
152274 0 -1 
152455 0 -1 
152459 0 -1 
152464 0 -1 
152504 0 -1 
152507 0 -1 
152510 0 -1 
152514 0 -1 
152515 0 -1 
152516 0 -1 
152517 0 -1 
152518 0 -1 
152519 0 -1 
152520 0 -1 
152554 0 -1 
152555 0 -1 
152556 0 -1 
152559 0 -1 
152562 0 -1 
152579 0 -1 
152580 0 -1 
152581 0 -1 
152582 0 -1 
152588 0 -1 
152598 0 -1 
152599 0 -1 
152600 0 -1 
152601 0 -1 
152602 0 -1 
152615 0 -1 
152616 0 -1 
152617 0 -1 
152619 0 -1 
152624 0 -1 
152625 0 -1 
152636 0 -1 
152639 0 -1 
152640 0 -1 
152641 0 -1 
152645 0 -1 
152669 0 -1 
152674 0 -1 
152675 0 -1 
152680 0 -1 
152742 0 -1 
152743 0 -1 
152745 0 -1 
152746 0 -1 
152747 0 -1 
152752 0 -1 
152771 0 -1 
152772 0 -1 
152773 0 -1 
152809 0 -1 
152810 0 -1 
152811 0 -1 
152942 0 -1 
152944 0 -1 
152945 0 -1 
152949 0 -1 
152953 0 -1 
152954 0 -1 
152967 0 -1 
152970 0 -1 
152971 0 -1 
153051 0 -1 
153052 0 -1 
153054 0 -1 
153061 0 -1 
153068 0 -1 
153070 0 -1 
153074 0 -1 
153075 0 -1 
153076 0 -1 
153087 0 -1 
153091 0 -1 
153266 0 -1 
153268 0 -1 
153271 0 -1 
153325 0 -1 
153326 0 -1 
153327 0 -1 
153343 0 -1 
153344 0 -1 
153345 0 -1 
153372 0 -1 
153373 0 -1 
153374 0 -1 
153389 0 -1 
153411 0 -1 
153412 0 -1 
153416 0 -1 
153446 0 -1 
153447 0 -1 
153460 0 -1 
153557 0 -1 
153616 0 -1 
153618 0 -1 
153620 0 -1 
153660 0 -1 
153661 0 -1 
153662 0 -1 
153663 0 -1 
153667 0 -1 
153693 0 -1 
153694 0 -1 
153697 0 -1 
153718 0 -1 
153738 0 -1 
153739 0 -1 
153945 0 -1 
153946 0 -1 
153985 0 -1 
153986 0 -1 
153987 0 -1 
154021 0 -1 
154027 0 -1 
154028 0 -1 
154029 0 -1 
154030 0 -1 
154050 0 -1 
154054 0 -1 
154069 0 -1 
154070 0 -1 
154111 0 -1 
154112 0 -1 
154116 0 -1 
154118 0 -1 
154122 0 -1 
154126 0 -1 
154175 0 -1 
154176 0 -1 
154180 0 -1 
154207 0 -1 
154208 0 -1 
154209 0 -1 
154449 0 -1 
154451 0 -1 
154452 0 -1 
154453 0 -1 
154456 0 -1 
154518 0 -1 
154653 0 -1 
154654 0 -1 
154675 0 -1 
154677 0 -1 
154681 0 -1 
154710 0 -1 
154765 0 -1 
154768 0 -1 
154769 0 -1 
154771 0 -1 
154799 0 -1 
154823 0 -1 
154824 0 -1 
154829 0 -1 
154834 0 -1 
154835 0 -1 
154841 0 -1 
154856 0 -1 
154860 0 -1 
154861 0 -1 
155107 0 -1 
155113 0 -1 
155114 0 -1 
155115 0 -1 
155116 0 -1 
155121 0 -1 
155129 0 -1 
155130 0 -1 
155141 0 -1 
155145 0 -1 
155146 0 -1 
155148 0 -1 
155150 0 -1 
155155 0 -1 
155299 0 -1 
155301 0 -1 
155304 0 -1 
155312 0 -1 
155313 0 -1 
155318 0 -1 
155320 0 -1 
155324 0 -1 
155343 0 -1 
155344 0 -1 
155345 0 -1 
155346 0 -1 
155347 0 -1 
155364 0 -1 
155365 0 -1 
155368 0 -1 
155389 0 279 
155392 0 -1 
155393 0 -1 
155394 0 -1 
155409 0 -1 
155599 0 -1 
155602 0 -1 
155605 0 -1 
155607 0 -1 
155610 0 -1 
155612 0 -1 
155677 0 -1 
155678 0 -1 
155680 0 -1 
155681 0 -1 
155683 0 -1 
155711 0 -1 
155712 0 -1 
155714 0 -1 
155742 0 -1 
155743 0 -1 
155744 0 -1 
155746 0 -1 
155747 0 -1 
155763 0 -1 
155764 0 -1 
155767 0 -1 
155768 0 -1 
155770 0 -1 
155793 0 -1 
155794 0 -1 
155795 0 -1 
155796 0 -1 
155818 0 -1 
155820 0 -1 
155821 0 -1 
155892 0 -1 
155895 0 -1 
155918 0 -1 
155919 0 -1 
155920 0 -1 
155923 0 -1 
155996 0 -1 
155997 0 -1 
156006 0 -1 
156007 0 -1 
156081 0 -1 
156082 0 -1 
156083 0 -1 
156084 0 -1 
156087 0 -1 
156088 0 -1 
156089 0 -1 
156098 0 -1 
156100 0 -1 
156103 0 -1 
156112 0 -1 
156116 0 -1 
156117 0 -1 
156118 0 -1 
156362 0 -1 
156365 0 -1 
156369 0 -1 
156372 0 -1 
156401 0 -1 
156452 0 -1 
156454 0 -1 
156455 0 -1 
156457 0 -1 
156458 0 -1 
156460 0 -1 
156464 0 -1 
156484 0 -1 
156487 0 -1 
158644 0 -1 
159603 0 -1 
159607 0 -1 
159610 0 -1 
159611 0 -1 
160090 0 -1 
160091 0 -1 
160092 0 -1 
160150 0 -1 
160151 0 -1 
160152 0 -1 
160153 0 -1 
160157 0 -1 
160175 0 -1 
160227 0 -1 
160229 0 -1 
160230 0 -1 
160259 0 -1 
160300 0 -1 
160301 0 -1 
160302 0 -1 
160303 0 -1 
160305 0 -1 
160306 0 -1 
160312 0 -1 
160314 0 -1 
160346 0 -1 
160349 0 -1 
160350 0 -1 
160351 0 -1 
160359 0 -1 
160403 0 -1 
160404 0 -1 
160405 0 -1 
160406 0 -1 
160407 0 -1 
160408 0 -1 
160410 0 -1 
160412 0 -1 
160414 0 -1 
160437 0 -1 
160438 0 -1 
160440 0 -1 
160441 0 -1 
160442 0 -1 
160533 0 -1 
160534 0 -1 
160540 0 -1 
160541 0 -1 
160591 0 -1 
160592 0 -1 
160593 0 -1 
160594 0 -1 
160596 0 -1 
160598 0 -1 
160599 0 -1 
160600 0 -1 
160601 0 -1 
160659 0 -1 
160663 0 -1 
160761 0 -1 
160796 0 -1 
160802 0 -1 
160823 0 -1 
160886 0 -1 
160887 0 -1 
160890 0 -1 
160891 0 -1 
160987 0 -1 
160988 0 -1 
160989 0 -1 
161011 0 -1 
161013 0 -1 
161029 0 -1 
161031 0 -1 
161044 0 -1 
161170 0 -1 
161171 0 -1 
161324 0 -1 
161325 0 -1 
161327 0 -1 
161328 0 -1 
161329 0 -1 
161330 0 -1 
161379 0 -1 
161408 0 -1 
161409 0 -1 
161410 0 -1 
161411 0 -1 
161414 0 -1 
161415 0 -1 
161441 0 -1 
161552 0 -1 
161555 0 -1 
161633 0 -1 
161634 0 -1 
161638 0 -1 
161678 0 -1 
161713 0 -1 
161714 0 -1 
161717 0 -1 
161718 0 -1 
161721 0 -1 
161722 0 -1 
161754 0 -1 
161756 0 -1 
161757 0 -1 
161758 0 -1 
161760 0 -1 
161761 0 -1 
161762 0 -1 
161763 0 -1 
161778 0 -1 
161779 0 -1 
161780 0 -1 
161781 0 -1 
161783 0 -1 
161784 0 -1 
161786 0 -1 
161787 0 -1 
161788 0 -1 
161789 0 -1 
161790 0 -1 
161791 0 -1 
161792 0 -1 
161795 0 -1 
161817 0 -1 
161818 0 -1 
161820 0 -1 
161821 0 -1 
161823 0 -1 
161825 0 -1 
161826 0 -1 
161827 0 -1 
161829 0 -1 
161830 0 -1 
162099 0 -1 
162100 0 -1 
162130 0 -1 
162174 0 -1 
162175 0 -1 
162178 0 -1 
162238 0 -1 
162241 0 -1 
162252 0 -1 
162300 0 -1 
162301 0 -1 
162307 0 -1 
162310 0 -1 
162312 0 -1 
162393 0 951 
162396 0 -1 
162399 0 -1 
162423 0 -1 
162453 0 -1 
162454 0 -1 
162462 0 -1 
162479 0 -1 
162480 0 -1 
162481 0 -1 
162498 0 -1 
162519 0 -1 
162520 0 -1 
162521 0 -1 
162631 0 -1 
162663 0 -1 
162664 0 -1 
162685 0 -1 
162686 0 -1 
162820 0 -1 
162825 0 -1 
162836 0 -1 
162837 0 -1 
162838 0 -1 
162839 0 -1 
162855 0 -1 
162856 0 -1 
162857 0 -1 
162937 0 -1 
162982 0 -1 
162986 0 -1 
162989 0 -1 
163009 0 -1 
163011 0 -1 
163012 0 -1 
163023 0 -1 
163024 0 -1 
163025 0 -1 
163026 0 -1 
163035 0 -1 
163064 0 -1 
163113 0 -1 
163130 0 -1 
163136 0 -1 
163148 0 -1 
163384 0 -1 
163385 0 -1 
163390 0 -1 
163394 0 -1 
163430 0 -1 
163431 0 -1 
163438 0 -1 
163462 0 -1 
163463 0 -1 
163464 0 -1 
163474 0 -1 
163508 0 -1 
163510 0 -1 
163511 0 -1 
163512 0 -1 
163513 0 -1 
163515 0 -1 
163519 0 -1 
163526 0 -1 
163527 0 -1 
163955 0 -1 
163956 0 -1 
163958 0 -1 
163959 0 -1 
163960 0 -1 
164107 0 -1 
164109 0 -1 
164110 0 -1 
164128 0 -1 
164200 0 -1 
164235 0 -1 
164252 0 -1 
164257 0 -1 
164259 0 -1 
164261 0 -1 
164274 0 -1 
164302 0 -1 
164303 0 -1 
164304 0 -1 
164305 0 -1 
164306 0 -1 
164307 0 -1 
164308 0 -1 
164313 0 -1 
164352 0 -1 
164353 0 -1 
164354 0 -1 
164386 0 -1 
164451 0 -1 
164509 0 -1 
164510 0 -1 
164511 0 -1 
164512 0 -1 
164517 0 -1 
164555 0 -1 
164625 0 -1 
164775 0 -1 
164795 0 -1 
164797 0 -1 
164798 0 -1 
164799 0 -1 
164819 0 -1 
164820 0 -1 
164822 0 -1 
164844 0 -1 
164870 0 -1 
164871 0 -1 
164872 0 -1 
164916 0 -1 
164952 0 -1 
164958 0 -1 
164963 0 -1 
164989 0 -1 
165062 0 -1 
165063 0 -1 
165064 0 -1 
165087 0 -1 
165088 0 128 
165120 0 -1 
165121 0 -1 
165122 0 -1 
165198 0 -1 
165199 0 -1 
165200 0 -1 
165201 0 -1 
165204 0 -1 
165207 0 -1 
165267 0 -1 
165269 0 -1 
165271 0 -1 
165297 0 -1 
165313 0 -1 
165314 0 -1 
165356 0 -1 
165357 0 -1 
165364 0 -1 
165365 0 -1 
165388 0 -1 
165412 0 -1 
165435 0 -1 
165436 0 -1 
165439 0 -1 
165465 0 -1 
165466 0 -1 
165470 0 -1 
165523 0 -1 
165836 0 -1 
165839 0 -1 
165869 0 -1 
165871 0 -1 
165873 0 -1 
165902 0 -1 
165906 0 -1 
165941 0 -1 
165944 0 -1 
165949 0 -1 
166007 0 -1 
166008 0 -1 
166037 0 -1 
166038 0 -1 
166063 0 -1 
166073 0 -1 
166227 0 -1 
166248 0 -1 
166251 0 -1 
166325 0 -1 
166328 0 -1 
166367 0 -1 
166369 0 -1 
166371 0 -1 
166373 0 -1 
166374 0 -1 
166403 0 -1 
166406 0 -1 
166407 0 -1 
166472 0 -1 
166479 0 -1 
166481 0 -1 
166482 0 -1 
166525 0 -1 
166529 0 -1 
166567 0 -1 
166614 0 -1 
166615 0 -1 
166653 0 -1 
166654 0 -1 
166655 0 -1 
166656 0 -1 
166657 0 -1 
166661 0 -1 
166662 0 -1 
166714 0 -1 
166715 0 -1 
166717 0 -1 
166770 0 -1 
166771 0 -1 
166772 0 -1 
166774 0 -1 
166776 0 -1 
166779 0 -1 
166783 0 -1 
166805 0 -1 
166927 0 -1 
166935 0 -1 
167022 0 -1 
167023 0 -1 
167025 0 -1 
167053 0 -1 
167058 0 -1 
167059 0 -1 
167061 0 -1 
167137 0 -1 
167138 0 -1 
167139 0 -1 
167186 0 -1 
167258 0 -1 
167259 0 -1 
167261 0 -1 
167266 0 -1 
167289 0 -1 
167290 0 -1 
167297 0 -1 
167299 0 -1 
167325 0 -1 
167444 0 -1 
167445 0 -1 
167506 0 -1 
167541 0 -1 
167549 0 -1 
167551 0 -1 
167563 0 -1 
167565 0 -1 
167587 0 -1 
167588 0 -1 
167623 0 -1 
167629 0 -1 
167631 0 -1 
167634 0 -1 
167635 0 -1 
167715 0 -1 
167717 0 -1 
167770 0 -1 
167824 0 -1 
167847 0 -1 
167849 0 -1 
167855 0 -1 
167856 0 -1 
167865 0 -1 
167866 0 -1 
167919 0 -1 
167920 0 -1 
167921 0 -1 
167926 0 -1 
167927 0 -1 
167928 0 -1 
167954 0 -1 
167955 0 -1 
167956 0 -1 
167977 0 -1 
167995 0 -1 
167996 0 -1 
167997 0 -1 
167998 0 -1 
168000 0 -1 
168001 0 -1 
168086 0 -1 
168087 0 -1 
168089 0 -1 
168090 0 -1 
168092 0 -1 
168098 0 -1 
168099 0 -1 
168100 0 -1 
168125 0 -1 
168559 0 -1 
168561 0 -1 
168562 0 -1 
168563 0 -1 
168568 0 -1 
168598 0 -1 
168599 0 -1 
168600 0 -1 
168601 0 -1 
168603 0 -1 
168605 0 -1 
168640 0 -1 
168766 0 -1 
168767 0 -1 
168769 0 -1 
168770 0 -1 
168772 0 -1 
168773 0 -1 
168774 0 -1 
168775 0 -1 
168819 0 -1 
168820 0 -1 
168821 0 -1 
168822 0 -1 
168823 0 -1 
168889 0 -1 
174997 0 -1 
175002 0 -1 
175008 0 -1 
175066 0 -1 
175078 0 -1 
175079 0 -1 
175087 0 -1 
175090 0 -1 
175092 0 -1 
175095 0 -1 
175096 0 -1 
175143 0 -1 
175146 0 -1 
175147 0 -1 
175148 0 -1 
175150 0 -1 
175155 0 -1 
175195 0 -1 
175196 0 -1 
175283 0 -1 
175288 0 -1 
175289 0 -1 
175292 0 -1 
175585 0 -1 
175589 0 -1 
175596 0 -1 
175597 0 -1 
175599 0 -1 
175600 0 -1 
175601 0 -1 
175602 0 -1 
175603 0 -1 
176576 0 -1 
176583 0 -1 
176584 0 -1 
176623 0 -1 
176631 0 -1 
176632 0 -1 
176633 0 -1 
176646 0 -1 
176651 0 -1 
176655 0 -1 
176695 0 -1 
176696 0 -1 
177140 0 -1 
177150 0 -1 
177206 0 -1 
177214 0 -1 
177217 0 -1 
177267 0 -1 
177301 0 -1 
177304 0 -1 
177309 0 -1 
177313 0 -1 
177314 0 -1 
177315 0 -1 
177316 0 -1 
177336 0 -1 
177337 0 -1 
177338 0 -1 
177339 0 -1 
177340 0 -1 
177342 0 -1 
177343 0 -1 
177344 0 -1 
177345 0 -1 
177351 0 -1 
177363 0 -1 
177364 0 -1 
177366 0 -1 
177368 0 -1 
177370 0 -1 
177371 0 -1 
177380 0 -1 
177383 0 -1 
177384 0 -1 
177411 0 -1 
177412 0 -1 
177413 0 -1 
177414 0 -1 
177415 0 -1 
177416 0 -1 
177417 0 -1 
177418 0 -1 
177478 0 -1 
177480 0 -1 
177484 0 -1 
177485 0 -1 
177486 0 -1 
177487 0 -1 
177488 0 -1 
177490 0 -1 
177491 0 -1 
177622 0 -1 
177624 0 -1 
177625 0 -1 
177628 0 -1 
177633 0 -1 
177793 0 -1 
177797 0 -1 
177798 0 -1 
177799 0 -1 
177800 0 -1 
177927 0 -1 
177932 0 -1 
177937 0 -1 
177938 0 -1 
177941 0 -1 
178015 0 -1 
178063 0 -1 
178064 0 -1 
178065 0 -1 
178066 0 -1 
178067 0 -1 
178068 0 -1 
178070 0 -1 
178071 0 -1 
178072 0 -1 
178073 0 -1 
178074 0 -1 
178076 0 -1 
178077 0 -1 
178080 0 -1 
178119 0 -1 
178120 0 -1 
178145 0 -1 
178146 0 -1 
178151 0 -1 
178154 0 -1 
178155 0 -1 
178156 0 -1 
178157 0 -1 
178158 0 -1 
178159 0 -1 
178164 0 -1 
178165 0 -1 
178254 0 -1 
178255 0 -1 
178256 0 -1 
178258 0 -1 
178260 0 -1 
178261 0 -1 
178262 0 -1 
178280 0 -1 
178295 0 -1 
178297 0 -1 
178298 0 -1 
178301 0 -1 
178303 0 -1 
178304 0 -1 
178305 0 -1 
178307 0 -1 
178310 0 -1 
178339 0 -1 
178388 0 -1 
178389 0 -1 
178390 0 -1 
178391 0 -1 
178397 0 -1 
178400 0 -1 
178402 0 -1 
178405 0 -1 
178409 0 -1 
178432 0 -1 
178433 0 -1 
178434 0 -1 
178435 0 -1 
178436 0 -1 
178437 0 -1 
178438 0 -1 
178439 0 -1 
178440 0 -1 
178448 0 -1 
178450 0 -1 
178512 0 -1 
178513 0 -1 
178536 0 -1 
178537 0 -1 
178539 0 -1 
178540 0 -1 
178546 0 -1 
178547 0 -1 
178593 0 -1 
178602 0 -1 
178677 0 -1 
178683 0 -1 
178684 0 -1 
178735 0 -1 
178738 0 -1 
178739 0 -1 
178741 0 -1 
178743 0 -1 
178744 0 -1 
178757 0 -1 
178758 0 -1 
178759 0 -1 
178761 0 -1 
178785 0 -1 
178816 0 -1 
178852 0 -1 
178853 0 -1 
178854 0 -1 
178855 0 -1 
178862 0 -1 
178881 0 -1 
178882 0 -1 
178886 0 -1 
178887 0 -1 
178888 0 -1 
178889 0 -1 
178921 0 -1 
179018 0 -1 
179019 0 -1 
179021 0 -1 
179037 0 -1 
179039 0 -1 
179040 0 -1 
179042 0 -1 
179043 0 -1 
179054 0 -1 
179055 0 -1 
179056 0 -1 
182843 0 -1 
182873 0 -1 
182874 0 -1 
182889 0 -1 
182890 0 -1 
182896 0 -1 
182898 0 -1 
183055 0 -1 
183056 0 -1 
183057 0 -1 
183058 0 -1 
183059 0 -1 
183077 0 -1 
183078 0 -1 
183079 0 -1 
183081 0 -1 
183083 0 -1 
183084 0 -1 
183094 0 -1 
183095 0 -1 
183097 0 -1 
183124 0 -1 
183125 0 -1 
183126 0 -1 
183129 0 -1 
183130 0 -1 
183139 0 -1 
183142 0 -1 
183165 0 -1 
183207 0 -1 
183208 0 -1 
183209 0 -1 
183487 0 -1 
183491 0 -1 
183492 0 -1 
183530 0 -1 
183553 0 -1 
183557 0 -1 
183561 0 -1 
183616 0 -1 
183617 0 -1 
183619 0 -1 
183631 0 -1 
183633 0 -1 
183694 0 -1 
183695 0 -1 
183696 0 -1 
183702 0 -1 
183751 0 -1 
183752 0 -1 
183759 0 -1 
183760 0 -1 
183761 0 -1 
183783 0 -1 
183785 0 -1 
183786 0 -1 
183796 0 -1 
183861 0 -1 
183863 0 -1 
183864 0 -1 
183865 0 -1 
183866 0 -1 
183867 0 -1 
183868 0 -1 
183869 0 -1 
183874 0 -1 
183877 0 -1 
183879 0 -1 
183880 0 -1 
183913 0 -1 
183914 0 -1 
183915 0 -1 
183960 0 -1 
183961 0 -1 
183963 0 -1 
183965 0 -1 
183966 0 -1 
183968 0 -1 
183970 0 -1 
183971 0 -1 
184012 0 -1 
184015 0 -1 
184016 0 -1 
184017 0 -1 
184019 0 -1 
184020 0 -1 
184021 0 -1 
184022 0 -1 
184028 0 -1 
184059 0 -1 
184060 0 -1 
184062 0 -1 
184064 0 -1 
184067 0 -1 
184068 0 -1 
184069 0 -1 
184071 0 -1 
184072 0 -1 
184073 0 -1 
184078 0 -1 
184079 0 -1 
184081 0 -1 
184084 0 -1 
184192 0 -1 
184194 0 -1 
184202 0 -1 
184203 0 -1 
184204 0 -1 
184205 0 -1 
184206 0 -1 
184209 0 -1 
184210 0 -1 
184228 0 -1 
184234 0 -1 
184237 0 -1 
184240 0 -1 
184243 0 -1 
184269 0 -1 
184271 0 -1 
184273 0 -1 
184278 0 -1 
184279 0 -1 
184287 0 -1 
184289 0 -1 
184290 0 -1 
184291 0 -1 
184310 0 -1 
184311 0 -1 
184314 0 -1 
184365 0 -1 
184366 0 -1 
184370 0 -1 
184375 0 -1 
184377 0 -1 
184380 0 -1 
184414 0 -1 
184419 0 -1 
184424 0 -1 
184444 0 -1 
184445 0 -1 
184450 0 -1 
184453 0 -1 
184456 0 -1 
184459 0 -1 
184463 0 -1 
184464 0 -1 
184466 0 -1 
184467 0 -1 
184469 0 -1 
184492 0 -1 
184495 0 -1 
184515 0 -1 
184516 0 -1 
184518 0 -1 
184519 0 -1 
184729 0 -1 
184730 0 -1 
184731 0 -1 
184732 0 -1 
184733 0 -1 
184738 0 -1 
184762 0 -1 
184763 0 -1 
184765 0 -1 
184778 0 -1 
184779 0 -1 
184780 0 -1 
184782 0 -1 
184800 0 -1 
184801 0 -1 
184802 0 -1 
184832 0 -1 
184835 0 -1 
184868 0 -1 
184957 0 -1 
185009 0 -1 
185013 0 -1 
185017 0 -1 
185018 0 -1 
185037 0 -1 
185038 0 -1 
185040 0 -1 
185072 0 -1 
185075 0 -1 
185082 0 -1 
185172 0 -1 
185175 0 -1 
185176 0 -1 
185179 0 -1 
185201 0 -1 
185209 0 -1 
185210 0 -1 
185212 0 -1 
185214 0 -1 
185215 0 -1 
185220 0 -1 
185223 0 -1 
185248 0 -1 
185249 0 -1 
185250 0 -1 
185259 0 -1 
185260 0 -1 
185261 0 -1 
185262 0 -1 
185277 0 -1 
185280 0 -1 
185281 0 -1 
185328 0 -1 
185331 0 -1 
185332 0 -1 
185349 0 -1 
185351 0 -1 
185374 0 -1 
185375 0 -1 
185376 0 -1 
185377 0 -1 
185379 0 -1 
185381 0 -1 
185383 0 -1 
185384 0 -1 
185386 0 -1 
185516 0 -1 
185517 0 -1 
185518 0 -1 
185521 0 -1 
185522 0 -1 
185524 0 -1 
185542 0 -1 
185545 0 -1 
185593 0 -1 
185594 0 -1 
185595 0 -1 
185634 0 -1 
185637 0 -1 
185640 0 -1 
185643 0 -1 
185644 0 -1 
185721 0 -1 
185723 0 -1 
185725 0 -1 
185726 0 -1 
185727 0 -1 
185728 0 -1 
185777 0 -1 
185782 0 -1 
185847 0 -1 
185848 0 -1 
185849 0 -1 
185958 0 -1 
185962 0 -1 
185968 0 -1 
185969 0 -1 
185970 0 -1 
185971 0 -1 
185972 0 -1 
185973 0 -1 
186039 0 -1 
186040 0 -1 
186041 0 -1 
186047 0 -1 
186048 0 -1 
186049 0 -1 
186081 0 -1 
186083 0 -1 
186084 0 -1 
186085 0 -1 
186087 0 -1 
186088 0 -1 
186090 0 -1 
186091 0 -1 
186092 0 -1 
186093 0 -1 
186095 0 -1 
186100 0 -1 
186101 0 -1 
186145 0 -1 
186302 0 -1 
186306 0 -1 
186308 0 -1 
186316 0 -1 
186321 0 -1 
186342 0 -1 
186343 0 -1 
186352 0 -1 
186355 0 -1 
186367 0 -1 
186573 0 -1 
186575 0 -1 
186586 0 -1 
186591 0 -1 
186598 0 -1 
190697 0 -1 
190753 0 -1 
190763 0 -1 
190764 0 -1 
190765 0 -1 
190851 0 -1 
190852 0 -1 
190853 0 -1 
190863 0 -1 
190864 0 -1 
190865 0 -1 
190866 0 -1 
190921 0 -1 
190923 0 -1 
190925 0 -1 
190930 0 -1 
190931 0 -1 
190932 0 -1 
190936 0 -1 
190990 0 -1 
191078 0 -1 
191087 0 -1 
191089 0 -1 
191099 0 -1 
191107 0 -1 
191205 0 -1 
191208 0 -1 
191286 0 -1 
191287 0 -1 
191289 0 -1 
191290 0 -1 
191303 0 -1 
191304 0 -1 
191307 0 -1 
191354 0 -1 
191423 0 -1 
191425 0 -1 
191426 0 -1 
191428 0 -1 
191430 0 -1 
191433 0 -1 
191496 0 -1 
191509 0 -1 
191511 0 -1 
191532 0 -1 
191534 0 -1 
191541 0 -1 
191543 0 -1 
191545 0 -1 
191546 0 -1 
191558 0 -1 
191560 0 -1 
191565 0 -1 
191567 0 -1 
191568 0 -1 
191570 0 -1 
191591 0 -1 
191592 0 -1 
191594 0 -1 
191596 0 -1 
191635 0 -1 
191636 0 -1 
191637 0 -1 
191638 0 -1 
191639 0 -1 
191640 0 -1 
191641 0 -1 
191721 0 -1 
191723 0 -1 
191724 0 -1 
191726 0 -1 
191727 0 -1 
191763 0 -1 
191765 0 -1 
191766 0 -1 
191767 0 -1 
191768 0 -1 
191769 0 -1 
191777 0 -1 
191778 0 -1 
191779 0 -1 
191782 0 -1 
191783 0 -1 
191786 0 -1 
191803 0 -1 
192039 0 -1 
192040 0 -1 
192043 0 -1 
192049 0 -1 
192060 0 -1 
192063 0 -1 
192066 0 -1 
192068 0 -1 
192069 0 -1 
192073 0 -1 
192100 0 -1 
192167 0 -1 
192168 0 -1 
192169 0 -1 
192170 0 -1 
192171 0 -1 
192197 0 -1 
192202 0 -1 
192209 0 -1 
192214 0 -1 
192216 0 -1 
192230 0 -1 
192232 0 -1 
192237 0 -1 
192241 0 -1 
192243 0 -1 
192244 0 -1 
192277 0 -1 
192278 0 -1 
192280 0 -1 
192281 0 -1 
192282 0 -1 
192295 0 -1 
192296 0 -1 
192297 0 -1 
192298 0 -1 
192299 0 -1 
192300 0 -1 
192302 0 -1 
192304 0 -1 
192306 0 -1 
192324 0 -1 
192344 0 -1 
192345 0 -1 
192348 0 -1 
192351 0 -1 
192354 0 -1 
192360 0 -1 
192362 0 -1 
192364 0 -1 
192365 0 -1 
192366 0 -1 
192368 0 -1 
192370 0 -1 
192372 0 -1 
192373 0 -1 
192374 0 -1 
192376 0 -1 
192384 0 -1 
192386 0 -1 
192390 0 -1 
192399 0 -1 
192424 0 -1 
192439 0 -1 
192440 0 -1 
192441 0 -1 
192503 0 -1 
192504 0 -1 
192505 0 -1 
192792 0 -1 
192793 0 -1 
192794 0 -1 
192795 0 -1 
192868 0 -1 
192869 0 -1 
192870 0 -1 
192871 0 -1 
192878 0 -1 
192888 0 -1 
192892 0 -1 
192893 0 -1 
192917 0 -1 
192918 0 -1 
192922 0 -1 
192923 0 -1 
192976 0 -1 
192977 0 -1 
192978 0 -1 
192979 0 -1 
192980 0 -1 
192982 0 -1 
192984 0 -1 
192987 0 -1 
192988 0 -1 
192990 0 -1 
192992 0 -1 
192993 0 -1 
192994 0 -1 
192995 0 -1 
192996 0 -1 
193006 0 -1 
193007 0 -1 
193013 0 -1 
193015 0 -1 
193017 0 -1 
193029 0 -1 
193030 0 -1 
193031 0 1100 
193031 1104 -1 
193032 0 -1 
193049 0 -1 
193051 0 -1 
193061 0 -1 
193104 0 -1 
193105 0 -1 
193106 0 -1 
193107 0 -1 
193109 0 -1 
193110 0 -1 
193111 0 -1 
193164 0 -1 
193166 0 -1 
193167 0 -1 
193242 0 -1 
193245 0 -1 
193247 0 -1 
193271 0 -1 
193272 0 -1 
193275 0 -1 
193372 0 -1 
193377 0 -1 
193396 0 -1 
193397 0 -1 
193398 0 -1 
193399 0 -1 
193458 0 -1 
193459 0 -1 
193461 0 -1 
193462 0 -1 
193463 0 -1 
193464 0 -1 
193466 0 -1 
193467 0 -1 
193468 0 -1 
193469 0 -1 
193470 0 -1 
193472 0 -1 
193475 0 -1 
193479 0 -1 
193485 0 -1 
193487 0 -1 
193488 0 -1 
193855 0 -1 
193856 0 -1 
193888 0 -1 
193889 0 -1 
193890 0 -1 
193892 0 -1 
193901 0 -1 
193908 0 -1 
193909 0 -1 
193910 0 -1 
193911 0 -1 
193912 0 -1 
193913 0 -1 
193919 0 -1 
193985 0 -1 
193986 0 -1 
193987 0 -1 
193988 0 -1 
193989 0 -1 
193990 0 -1 
193991 0 -1 
193993 0 -1 
193996 0 -1 
194005 0 -1 
194007 0 -1 
194023 0 -1 
194025 0 -1 
194027 0 -1 
194028 0 -1 
194029 0 -1 
194030 0 -1 
194031 0 -1 
194032 0 -1 
194033 0 -1 
194039 0 -1 
194043 0 -1 
194146 0 -1 
194147 0 -1 
194149 0 -1 
194152 0 -1 
194161 0 -1 
194218 0 -1 
194219 0 -1 
194244 0 -1 
194260 0 -1 
194261 0 -1 
194263 0 -1 
194264 0 -1 
194265 0 -1 
194266 0 -1 
194315 0 -1 
194316 0 -1 
194318 0 -1 
194319 0 -1 
194320 0 -1 
194323 0 -1 
194326 0 -1 
194327 0 -1 
194328 0 -1 
194337 0 -1 
194379 0 -1 
194382 0 -1 
194383 0 -1 
194386 0 -1 
194403 0 -1 
194407 0 -1 
194454 0 -1 
194455 0 -1 
194458 0 -1 
194459 0 -1 
194460 0 -1 
194498 0 -1 
194504 0 -1 
194535 0 -1 
194536 0 -1 
194538 0 -1 
194539 0 -1 
194560 0 -1 
194562 0 -1 
194590 0 -1 
194601 0 -1 
194602 0 -1 
194632 0 -1 
194810 0 -1 
194811 0 -1 
194812 0 -1 
194813 0 -1 
194844 0 -1 
194845 0 -1 
194850 0 -1 
194860 0 -1 
194861 0 -1 
194862 0 -1 
194899 0 -1 
194900 0 -1 
194903 0 -1 
194905 0 -1 
194907 0 -1 
194909 0 -1 
194911 0 -1 
194920 0 -1 
195134 0 -1 
195203 0 -1 
195204 0 -1 
195205 0 -1 
195209 0 -1 
195210 0 -1 
195211 0 -1 
195212 0 -1 
195213 0 -1 
195214 0 -1 
195217 0 -1 
195245 0 -1 
195246 0 -1 
195249 0 -1 
195261 0 -1 
195267 0 -1 
195296 0 -1 
195305 0 -1 
195306 0 -1 
195308 0 -1 
195309 0 -1 
195313 0 -1 
195316 0 -1 
195332 0 -1 
195337 0 -1 
195341 0 -1 
195343 0 -1 
195346 0 -1 
195354 0 -1 
195382 0 -1 
195383 0 -1 
195384 0 -1 
195402 0 -1 
195405 0 -1 
195406 0 -1 
195408 0 -1 
195449 0 -1 
195450 0 -1 
195451 0 -1 
195452 0 -1 
195457 0 -1 
195569 0 -1 
195570 0 -1 
195571 0 -1 
195572 0 -1 
195573 0 -1 
195574 0 -1 
195585 0 -1 
195589 0 -1 
195590 0 -1 
195620 0 -1 
195621 0 -1 
195622 0 -1 
195623 0 -1 
195624 0 -1 
195638 0 -1 
195649 0 -1 
195651 0 -1 
195677 0 -1 
195678 0 -1 
195703 0 -1 
195704 0 -1 
195708 0 -1 
195716 0 -1 
195718 0 -1 
195719 0 -1 
195720 0 -1 
195739 0 -1 
195740 0 -1 
195741 0 -1 
195742 0 -1 
195745 0 -1 
195746 0 -1 
195756 0 -1 
195757 0 -1 
195758 0 -1 
195759 0 -1 
195761 0 -1 
195762 0 -1 
195780 0 -1 
195781 0 -1 
195786 0 -1 
195787 0 -1 
195788 0 -1 
195789 0 -1 
195790 0 -1 
195791 0 -1 
195804 0 -1 
195805 0 -1 
195809 0 -1 
195814 0 -1 
195930 0 -1 
196041 0 -1 
196042 0 -1 
196043 0 -1 
196044 0 -1 
196045 0 -1 
196066 0 -1 
196067 0 -1 
196077 0 -1 
196085 0 -1 
196099 0 -1 
196100 0 -1 
196152 0 -1 
196153 0 -1 
196162 0 -1 
196163 0 857 
196169 0 -1 
196170 0 -1 
196183 0 -1 
196228 0 -1 
196229 0 -1 
196230 0 -1 
196231 0 -1 
196232 0 -1 
196275 0 -1 
196276 0 -1 
196344 0 -1 
196346 0 -1 
196347 0 -1 
196351 0 -1 
196352 0 -1 
196354 0 -1 
196365 0 -1 
196366 0 -1 
196367 0 -1 
196368 0 -1 
196370 0 -1 
196416 0 -1 
196417 0 -1 
196419 0 -1 
196422 0 -1 
196423 0 -1 
196425 0 -1 
196427 0 -1 
196440 0 -1 
196441 0 -1 
196471 0 -1 
196473 0 -1 
196483 0 -1 
196489 0 -1 
196661 0 -1 
196663 0 -1 
196664 0 -1 
196681 0 -1 
196737 0 -1 
196752 0 -1 
196795 0 -1 
196796 0 -1 
196797 0 -1 
196798 0 -1 
196800 0 -1 
196801 0 -1 
196872 0 -1 
196874 0 -1 
196875 0 -1 
196877 0 -1 
196878 0 -1 
196879 0 -1 
196886 0 -1 
196889 0 -1 
196892 0 -1 
196893 0 -1 
196901 0 1501 
196902 0 -1 
196943 0 -1 
196946 0 -1 
196948 0 -1 
196968 0 -1 
196969 0 -1 
196983 0 -1 
196987 0 -1 
196988 0 -1 
196989 0 -1 
197071 0 -1 
197079 0 -1 
197080 0 -1 
197103 0 -1 
197118 0 -1 
197186 0 -1 
197188 0 -1 
197189 0 -1 
197191 0 -1 
197192 0 -1 
197194 0 -1 
197286 0 -1 
197287 0 -1 
197288 0 -1 
197289 0 -1 
197317 0 -1 
197321 0 -1 
197403 0 -1 
197404 0 -1 
197405 0 -1 
197440 0 -1 
197441 0 -1 
197443 0 -1 
197636 0 -1 
197640 0 -1 
197644 0 -1 
197657 0 -1 
197713 0 -1 
197714 0 -1 
197715 0 -1 
197716 0 -1 
197762 0 -1 
197763 0 -1 
197808 0 -1 
197809 0 -1 
197812 0 -1 
197813 0 -1 
197985 0 -1 
197990 0 -1 
197995 0 -1 
197998 0 -1 
197999 0 -1 
198081 0 -1 
198082 0 -1 
198116 0 -1 
198117 0 -1 
198152 0 -1 
198154 0 -1 
198159 0 -1 
198162 0 -1 
198206 0 -1 
198207 0 -1 
198230 0 -1 
198340 0 -1 
198378 0 -1 
198379 0 -1 
198380 0 -1 
198416 0 -1 
198423 0 -1 
198426 0 -1 
198428 0 -1 
198513 0 -1 
198514 0 -1 
198557 0 -1 
198583 0 -1 
198596 0 -1 
198613 0 -1 
198623 0 -1 
198686 0 -1 
198694 0 -1 
198695 0 -1 
198696 0 -1 
198709 0 -1 
198710 0 -1 
198711 0 -1 
198739 0 -1 
198782 0 -1 
198843 0 -1 
198881 0 -1 
198882 0 -1 
199025 0 -1 
199028 0 -1 
199041 0 -1 
199042 0 -1 
199060 0 -1 
199061 0 -1 
199064 0 -1 
199067 0 -1 
199076 0 -1 
199077 0 -1 
199141 0 -1 
199142 0 -1 
199143 0 -1 
199146 0 -1 
199148 0 -1 
199152 0 -1 
199154 0 -1 
199156 0 -1 
199157 0 -1 
199158 0 -1 
199186 0 -1 
199187 0 -1 
199189 0 -1 
199216 0 -1 
199217 0 -1 
199218 0 -1 
199223 0 -1 
199225 0 -1 
199559 0 -1 
199565 0 -1 
199593 0 -1 
199594 0 -1 
199595 0 -1 
199618 0 -1 
199619 0 -1 
199620 0 -1 
199650 0 -1 
199651 0 -1 
199652 0 -1 
199653 0 -1 
199655 0 -1 
199657 0 -1 
199725 0 -1 
199727 0 -1 
199852 0 -1 
199853 0 -1 
199979 0 -1 
199983 0 -1 
200004 0 -1 
200023 0 -1 
200026 0 -1 
200027 0 -1 
200028 0 -1 
200049 0 -1 
200051 0 -1 
200055 0 -1 
200056 0 -1 
200058 0 -1 
200059 0 -1 
200196 0 -1 
200197 0 -1 
200274 0 -1 
200277 0 -1 
200282 0 -1 
200284 0 -1 
200309 0 -1 
200324 0 -1 
200533 0 -1 
200534 0 -1 
200535 0 -1 
200536 0 -1 
200570 0 -1 
200572 0 -1 
200635 0 -1 
200641 0 -1 
200659 0 -1 
200660 0 -1 
200661 0 -1 
200663 0 -1 
200664 0 -1 
200669 0 -1 
200710 0 -1 
200719 0 -1 
200725 0 -1 
200752 0 -1 
200753 0 -1 
200755 0 -1 
200756 0 -1 
200883 0 -1 
200887 0 -1 
200893 0 -1 
200894 0 -1 
200896 0 -1 
200970 0 -1 
201037 0 -1 
201038 0 -1 
201039 0 -1 
201040 0 -1 
201041 0 -1 
201072 0 -1 
201079 0 -1 
201083 0 -1 
201130 0 -1 
201131 0 -1 
201132 0 -1 
201133 0 -1 
201152 0 -1 
201154 0 -1 
201155 0 -1 
201212 0 -1 
201349 0 -1 
201351 0 -1 
201361 0 -1 
201362 0 -1 
201371 0 -1 
201377 0 -1 
201396 0 -1 
201451 0 -1 
201543 0 -1 
201607 0 -1 
201625 0 -1 
201643 0 -1 
201644 0 -1 
201656 0 -1 
201657 0 -1 
201658 0 -1 
201660 0 -1 
201672 0 -1 
201673 0 -1 
201674 0 -1 
201707 0 -1 
201795 0 -1 
201800 0 -1 
201822 0 -1 
201883 0 -1 
201947 0 -1 
201948 0 -1 
201969 0 -1 
201976 0 -1 
201980 0 -1 
202002 0 -1 
202003 0 -1 
202041 0 -1 
202054 0 -1 
202070 0 -1 
202073 0 -1 
202075 0 -1 
202081 0 -1 
202087 0 -1 
202088 0 -1 
202134 0 -1 
202135 0 -1 
202136 0 -1 
202156 0 -1 
202174 0 -1 
202175 0 -1 
202290 0 -1 
202306 0 -1 
202307 0 -1 
202312 0 -1 
202313 0 -1 
202321 0 -1 
202334 0 -1 
202335 0 -1 
202336 0 -1 
202353 0 -1 
202359 0 -1 
202362 0 -1 
202363 0 -1 
202364 0 -1 
202365 0 -1 
202367 0 -1 
202368 0 -1 
202370 0 -1 
202389 0 -1 
202392 0 -1 
202393 0 -1 
202395 0 -1 
202396 0 -1 
202397 0 -1 
202399 0 -1 
202415 0 -1 
202424 0 -1 
202427 0 -1 
202428 0 -1 
202433 0 -1 
202434 0 -1 
202435 0 -1 
202436 0 -1 
202439 0 -1 
202440 0 -1 
202448 0 -1 
202449 0 -1 
202452 0 -1 
202513 0 -1 
202514 0 -1 
202526 0 -1 
202530 0 -1 
202535 0 -1 
202536 0 -1 
202538 0 -1 
202539 0 -1 
202540 0 -1 
202541 0 -1 
202542 0 -1 
202600 0 -1 
202695 0 -1 
202697 0 -1 
202719 0 -1 
202722 0 -1 
202723 0 -1 
202724 0 -1 
202732 0 -1 
202733 0 -1 
202736 0 -1 
202738 0 -1 
202739 0 -1 
202741 0 -1 
202770 0 -1 
202771 0 -1 
202817 0 -1 
202972 0 -1 
202973 0 -1 
202998 0 -1 
203000 0 -1 
203001 0 -1 
203015 0 -1 
203020 0 -1 
203054 0 -1 
203055 0 -1 
203066 0 -1 
203067 0 -1 
203091 0 -1 
203139 0 -1 
203140 0 -1 
203141 0 -1 
203142 0 -1 
203143 0 -1 
203150 0 -1 
203153 0 -1 
203155 0 -1 
203159 0 -1 
203190 0 -1 
203192 0 -1 
203195 0 -1 
203202 0 -1 
203205 0 -1 
203206 0 -1 
203212 0 -1 
203213 0 -1 
203262 0 -1 
203263 0 -1 
203265 0 -1 
203303 0 -1 
203304 0 -1 
203309 0 -1 
203334 0 -1 
203335 0 -1 
203336 0 -1 
203345 0 -1 
203347 0 -1 
203348 0 -1 
203383 0 -1 
203433 0 -1 
203435 0 -1 
203437 0 -1 
203439 0 -1 
203442 0 -1 
203443 0 -1 
203452 0 -1 
203453 0 -1 
203454 0 -1 
203456 0 -1 
203457 0 -1 
203488 0 -1 
203502 0 -1 
203506 0 -1 
203509 0 -1 
203513 0 -1 
203625 0 -1 
203626 0 402 
203634 0 -1 
203643 0 -1 
203650 0 -1 
203663 0 -1 
203673 0 -1 
203683 0 -1 
203685 0 -1 
203686 0 -1 
203687 0 -1 
203764 0 -1 
203765 0 -1 
203797 0 -1 
203799 0 -1 
203819 0 -1 
203824 0 -1 
203826 0 -1 
203869 0 -1 
203871 0 -1 
203872 0 -1 
203873 0 -1 
203874 0 -1 
203881 0 -1 
203894 0 -1 
203896 0 -1 
204076 0 -1 
204077 0 -1 
204079 0 -1 
204082 0 -1 
204105 0 -1 
204107 0 -1 
204109 0 -1 
204111 0 -1 
204116 0 -1 
204117 0 -1 
204118 0 -1 
204119 0 -1 
204184 0 -1 
204185 0 -1 
204204 0 -1 
204211 0 -1 
204216 0 -1 
204221 0 -1 
204257 0 -1 
204262 0 -1 
204264 0 -1 
204265 0 -1 
204266 0 -1 
204287 0 -1 
204339 0 -1 
204340 0 -1 
204378 0 -1 
204400 0 -1 
204402 0 -1 
204413 0 -1 
204444 0 -1 
204447 0 -1 
204469 0 -1 
204471 0 -1 
204477 0 -1 
204478 0 -1 
204479 0 -1 
204480 0 -1 
204549 0 -1 
204550 0 -1 
204576 0 -1 
204577 0 -1 
204578 0 -1 
204589 0 -1 
204591 0 -1 
204593 0 -1 
204594 0 -1 
204596 0 -1 
204639 0 -1 
204640 0 -1 
204642 0 -1 
204643 0 -1 
204650 0 -1 
204677 0 -1 
204679 0 -1 
204680 0 -1 
204681 0 -1 
204682 0 -1 
204695 0 -1 
204714 0 -1 
204720 0 -1 
204721 0 -1 
204722 0 -1 
204746 0 -1 
204747 0 -1 
204748 0 -1 
204750 0 -1 
204827 0 -1 
204828 0 -1 
204829 0 -1 
204831 0 -1 
204832 0 -1 
204835 0 -1 
204839 0 -1 
204855 0 -1 
204857 0 -1 
204921 0 -1 
204927 0 -1 
204928 0 -1 
204929 0 -1 
205007 0 -1 
205008 0 -1 
205009 0 -1 
205018 0 -1 
205021 0 -1 
205069 0 -1 
205070 0 -1 
205072 0 -1 
205073 0 -1 
205074 0 -1 
205075 0 -1 
205078 0 -1 
205079 0 -1 
205143 0 -1 
205151 0 -1 
205152 0 -1 
205153 0 -1 
205154 0 -1 
205309 0 -1 
205310 0 -1 
205311 0 -1 
205312 0 -1 
205314 0 -1 
205315 0 -1 
205316 0 -1 
205317 0 -1 
205318 0 -1 
205320 0 -1 
205321 0 -1 
205322 0 -1 
205324 0 -1 
205325 0 -1 
205548 0 -1 
205549 0 -1 
205555 0 -1 
205556 0 -1 
205558 0 -1 
205560 0 -1 
205562 0 -1 
205563 0 -1 
205577 0 -1 
205624 0 -1 
205627 0 -1 
205628 0 -1 
205640 0 -1 
205641 0 -1 
205642 0 -1 
205647 0 -1 
205648 0 -1 
205716 0 -1 
205718 0 -1 
205719 0 -1 
205720 0 -1 
205889 0 -1 
205890 0 -1 
205891 0 -1 
205892 0 -1 
205893 0 -1 
205894 0 -1 
205925 0 -1 
205928 0 -1 
205930 0 -1 
205931 0 -1 
205960 0 -1 
205963 0 -1 
205964 0 -1 
205966 0 -1 
205968 0 -1 
205970 0 -1 
205990 0 -1 
205991 0 -1 
205994 0 -1 
205995 0 -1 
206029 0 -1 
206031 0 -1 
206032 0 -1 
206033 0 -1 
206174 0 -1 
206186 0 -1 
206248 0 -1 
206251 0 -1 
206255 0 -1 
206256 0 -1 
206257 0 -1 
206258 0 -1 
206259 0 -1 
206279 0 -1 
206281 0 -1 
206282 0 -1 
206283 0 -1 
206285 0 -1 
206288 0 -1 
206297 0 -1 
206298 0 -1 
206300 0 -1 
206301 0 -1 
206306 0 -1 
206326 0 -1 
206436 0 -1 
206444 0 -1 
206445 0 -1 
206531 0 -1 
206537 0 -1 
206668 0 -1 
206669 0 -1 
206671 0 -1 
206693 0 -1 
206694 0 -1 
206695 0 -1 
206696 0 -1 
206697 0 -1 
206700 0 -1 
206717 0 -1 
206719 0 -1 
206722 0 -1 
206723 0 -1 
206733 0 -1 
206828 0 -1 
206829 0 -1 
206830 0 -1 
206836 0 -1 
206840 0 -1 
206865 0 -1 
206867 0 -1 
206871 0 -1 
206951 0 -1 
206981 0 -1 
206982 0 -1 
206989 0 -1 
206990 0 -1 
206995 0 -1 
207000 0 -1 
207078 0 -1 
207079 0 -1 
207080 0 -1 
207114 0 -1 
207115 0 -1 
207150 0 -1 
207151 0 -1 
207152 0 -1 
207153 0 -1 
207155 0 -1 
207156 0 -1 
207158 0 -1 
207210 0 -1 
207211 0 -1 
207213 0 -1 
207214 0 -1 
207215 0 -1 
207216 0 -1 
207217 0 -1 
207218 0 -1 
207219 0 -1 
207405 0 -1 
207411 0 -1 
207414 0 -1 
207421 0 -1 
207488 0 -1 
207512 0 -1 
207513 0 -1 
208792 0 -1 
208884 0 -1 
208886 0 -1 
208888 0 -1 
208991 0 -1 
208992 0 -1 
208996 0 -1 
208999 0 -1 
209000 0 -1 
209001 0 -1 
209002 0 -1 
209003 0 -1 
209004 0 -1 
209016 0 -1 
209017 0 -1 
209018 0 -1 
209019 0 -1 
209020 0 -1 
209021 0 -1 
209047 0 -1 
209048 0 -1 
209049 0 -1 
209050 0 -1 
209051 0 -1 
209052 0 -1 
209053 0 -1 
209070 0 -1 
209071 0 -1 
209072 0 -1 
209085 0 -1 
209102 0 -1 
209106 0 -1 
209123 0 -1 
209149 0 -1 
209155 0 -1 
209159 0 -1 
209172 0 -1 
209186 0 -1 
209189 0 -1 
209191 0 -1 
209261 0 -1 
209262 0 -1 
209263 0 -1 
209264 0 -1 
209265 0 -1 
209316 0 -1 
209318 0 -1 
209341 0 -1 
209372 0 -1 
209373 0 -1 
209399 0 -1 
209400 0 -1 
209401 0 -1 
209402 0 -1 
209436 0 -1 
209437 0 -1 
209438 0 -1 
209439 0 -1 
209465 0 -1 
209484 0 -1 
209485 0 -1 
209486 0 -1 
209489 0 -1 
209491 0 -1 
209492 0 -1 
209494 0 -1 
209498 0 -1 
209501 0 -1 
209506 0 -1 
209507 0 -1 
209508 0 -1 
209510 0 -1 
209511 0 -1 
209513 0 -1 
209531 0 -1 
209532 0 -1 
209534 0 -1 
209535 0 -1 
209536 0 -1 
209537 0 1935 
209541 0 -1 
209760 0 -1 
209761 0 -1 
209762 0 -1 
209764 0 -1 
209770 0 -1 
209772 0 -1 
209773 0 -1 
209787 0 -1 
209789 0 -1 
209790 0 -1 
209818 0 -1 
209819 0 -1 
209820 0 -1 
209848 0 -1 
209849 0 -1 
209850 0 -1 
209861 0 26 
209862 0 -1 
209903 0 -1 
209904 0 -1 
209907 0 -1 
209910 0 -1 
209911 0 -1 
209920 0 -1 
209921 0 -1 
209979 0 -1 
209982 0 -1 
209983 0 -1 
209984 0 -1 
209986 0 -1 
210008 0 -1 
210845 0 -1 
210846 0 -1 
210859 0 -1 
210877 0 -1 
210891 0 -1 
210913 0 -1 
210914 0 -1 
211107 0 -1 
211108 0 -1 
211130 0 -1 
211135 0 -1 
211198 0 -1 
211200 0 -1 
211265 0 -1 
211266 0 -1 
211267 0 -1 
211268 0 -1 
211271 0 -1 
211272 0 -1 
211273 0 -1 
211274 0 -1 
211275 0 -1 
211292 0 -1 
211311 0 -1 
211312 0 -1 
211313 0 -1 
211314 0 -1 
211315 0 -1 
211316 0 -1 
211337 0 -1 
211396 0 -1 
211397 0 -1 
211398 0 -1 
211399 0 -1 
211402 0 -1 
211403 0 -1 
211404 0 -1 
211405 0 -1 
211441 0 -1 
211448 0 -1 
211449 0 -1 
211452 0 -1 
211631 0 -1 
211633 0 -1 
211867 0 -1 
211870 0 -1 
211871 0 -1 
211873 0 -1 
211876 0 -1 
211877 0 -1 
211882 0 -1 
211883 0 -1 
211903 0 -1 
212009 0 -1 
212011 0 -1 
212133 0 -1 
218180 0 -1 
218184 0 -1 
218185 0 -1 
218224 0 -1 
218227 0 -1 
218398 0 -1 
218399 0 -1 
218411 0 -1 
218418 0 -1 
218423 0 -1 
218424 0 -1 
218426 0 -1 
218623 0 -1 
218624 0 -1 
218625 0 -1 
218626 0 -1 
218627 0 -1 
218653 0 -1 
218654 0 -1 
218658 0 -1 
218692 0 -1 
218695 0 -1 
218713 0 -1 
219022 0 -1 
219023 0 -1 
219025 0 -1 
219026 0 -1 
219027 0 -1 
219029 0 -1 
219030 0 -1 
219033 0 -1 
219035 0 -1 
219041 0 -1 
219076 0 -1 
219077 0 -1 
219081 0 -1 
219082 0 -1 
219090 0 -1 
219091 0 -1 
219092 0 -1 
219093 0 -1 
219095 0 -1 
219108 0 -1 
219121 0 -1 
219135 0 -1 
219139 0 -1 
219219 0 -1 
219221 0 -1 
219222 0 -1 
219223 0 -1 
219224 0 -1 
219225 0 -1 
219232 0 -1 
219237 0 -1 
219265 0 -1 
219266 0 -1 
219267 0 -1 
219268 0 -1 
219269 0 -1 
219306 0 -1 
219312 0 -1 
219313 0 -1 
219345 0 -1 
219350 0 -1 
219357 0 -1 
219358 0 -1 
219381 0 -1 
219382 0 -1 
219383 0 -1 
219384 0 -1 
219385 0 -1 
219386 0 -1 
219462 0 -1 
219463 0 -1 
219469 0 -1 
219471 0 -1 
219472 0 -1 
219475 0 -1 
219476 0 -1 
219477 0 -1 
219479 0 -1 
219484 0 -1 
219485 0 -1 
219487 0 -1 
219488 0 -1 
219519 0 -1 
219526 0 -1 
219528 0 -1 
219539 0 -1 
219567 0 -1 
219568 0 -1 
219569 0 -1 
219570 0 -1 
219572 0 -1 
219577 0 -1 
219578 0 -1 
219582 0 -1 
219606 0 -1 
219607 0 -1 
219609 0 -1 
219612 0 -1 
219659 0 -1 
219673 0 -1 
219705 0 -1 
219789 0 -1 
219790 0 -1 
219879 0 -1 
219880 0 -1 
219885 0 -1 
219887 0 -1 
219888 0 -1 
219891 0 -1 
219892 0 -1 
219894 0 -1 
219896 0 -1 
219897 0 -1 
219943 0 -1 
219945 0 -1 
219946 0 -1 
219964 0 -1 
219967 0 -1 
219971 0 -1 
219972 0 -1 
219974 0 -1 
219975 0 -1 
220067 0 -1 
220071 0 -1 
220072 0 190 
220072 261 603 
220072 654 -1 
220080 0 -1 
220134 0 -1 
220182 0 -1 
220183 0 -1 
220184 0 -1 
220217 0 -1 
220218 0 -1 
220219 0 -1 
220221 0 -1 
220222 0 -1 
220224 0 -1 
220225 0 -1 
220226 0 -1 
220227 0 -1 
220246 0 -1 
220247 0 -1 
220248 0 -1 
220252 0 -1 
220254 0 -1 
220256 0 -1 
220269 0 -1 
220271 0 -1 
220272 0 -1 
220508 0 -1 
220509 0 -1 
220510 0 -1 
220511 0 -1 
220512 0 -1 
220535 0 -1 
220538 0 -1 
220539 0 -1 
220546 0 -1 
220547 0 -1 
220578 0 -1 
220579 0 -1 
220589 0 -1 
220591 0 -1 
220602 0 -1 
220604 0 -1 
220724 0 -1 
220725 0 -1 
220726 0 -1 
220727 0 -1 
220730 0 -1 
220731 0 -1 
220732 0 -1 
220733 0 -1 
220735 0 -1 
220745 0 -1 
220748 0 -1 
220844 0 -1 
220845 0 -1 
220847 0 -1 
220859 0 -1 
220898 0 -1 
221168 0 -1 
221169 0 -1 
221173 0 -1 
221174 0 -1 
221201 0 -1 
221223 0 -1 
221224 0 -1 
221296 0 -1 
221297 0 -1 
221304 0 -1 
221334 0 -1 
221385 0 -1 
221464 0 -1 
221499 0 -1 
221500 0 -1 
221527 0 -1 
221528 0 -1 
221529 0 -1 
221532 0 -1 
221537 0 -1 
221604 0 -1 
221605 0 -1 
221633 0 -1 
221657 0 -1 
221658 0 -1 
221722 0 -1 
221723 0 -1 
221751 0 -1 
221804 0 -1 
221808 0 -1 
221827 0 -1 
221844 0 -1 
221903 0 -1 
221904 0 -1 
221911 0 -1 
221912 0 -1 
221917 0 -1 
221918 0 -1 
221920 0 -1 
222009 0 -1 
222011 0 -1 
222176 0 -1 
222184 0 -1 
222185 0 -1 
222186 0 -1 
222246 0 -1 
222250 0 -1 
222252 0 -1 
222253 0 -1 
222254 0 -1 
222271 0 -1 
222279 0 -1 
222288 0 -1 
222290 0 -1 
222314 0 -1 
222322 0 -1 
222326 0 -1 
222330 0 -1 
222332 0 -1 
222353 0 -1 
222354 0 -1 
222356 0 -1 
222357 0 -1 
222364 0 -1 
222413 0 -1 
222414 0 -1 
222415 0 -1 
222417 0 -1 
222418 0 -1 
222419 0 -1 
222426 0 -1 
222530 0 -1 
222532 0 -1 
222533 0 -1 
222536 0 -1 
222549 0 -1 
222551 0 -1 
222552 0 -1 
222555 0 -1 
222556 0 -1 
222576 0 -1 
222604 0 -1 
222610 0 -1 
222648 0 -1 
222649 0 -1 
222650 0 -1 
222651 0 -1 
222652 0 -1 
222655 0 -1 
222722 0 -1 
222724 0 -1 
222727 0 -1 
222728 0 -1 
222729 0 -1 
222778 0 -1 
222779 0 -1 
222780 0 -1 
222782 0 -1 
222791 0 -1 
222792 0 -1 
222793 0 -1 
222797 0 -1 
222801 0 -1 
222802 0 -1 
222803 0 -1 
222808 0 -1 
222809 0 -1 
222810 0 -1 
222811 0 -1 
222812 0 -1 
222833 0 -1 
222834 0 -1 
222835 0 -1 
222836 0 -1 
222838 0 -1 
222840 0 -1 
222841 0 -1 
222842 0 -1 
222850 0 -1 
222854 0 -1 
222866 0 -1 
222867 0 -1 
222882 0 -1 
222884 0 -1 
222885 0 -1 
222886 0 -1 
222888 0 -1 
222946 0 -1 
222947 0 -1 
222957 0 -1 
223114 0 -1 
223115 0 -1 
223118 0 -1 
223119 0 -1 
223120 0 -1 
223122 0 -1 
223124 0 -1 
223158 0 -1 
223159 0 -1 
223160 0 -1 
223162 0 -1 
223177 0 -1 
223189 0 -1 
223233 0 -1 
223234 0 -1 
223236 0 -1 
223240 0 -1 
223257 0 -1 
223259 0 -1 
223309 0 -1 
223321 0 -1 
223325 0 -1 
223329 0 -1 
223330 0 -1 
223331 0 -1 
223332 0 -1 
223337 0 -1 
223338 0 -1 
223339 0 -1 
223369 0 -1 
223372 0 -1 
223373 0 -1 
223432 0 -1 
223481 0 -1 
223485 0 -1 
223493 0 -1 
223494 0 -1 
223498 0 -1 
223501 0 -1 
223535 0 -1 
223536 0 -1 
223538 0 -1 
223624 0 -1 
223634 0 -1 
223637 0 -1 
223638 0 -1 
223641 0 -1 
223642 0 -1 
224056 0 -1 
224057 0 -1 
224068 0 -1 
224069 0 -1 
224070 0 -1 
224085 0 -1 
224087 0 -1 
224115 0 -1 
224116 0 -1 
224118 0 -1 
224120 0 -1 
224121 0 -1 
224126 0 -1 
224161 0 -1 
224171 0 -1 
224365 0 -1 
224366 0 1533 
224367 0 -1 
224390 0 -1 
224416 0 -1 
224422 0 -1 
224423 0 -1 
224442 0 -1 
224445 0 -1 
224478 0 -1 
224480 0 -1 
224481 0 -1 
224521 0 -1 
224555 0 -1 
226087 0 -1 
226158 0 -1 
226179 0 -1 
226187 0 -1 
226188 0 -1 
226189 0 -1 
226194 0 -1 
226196 0 -1 
226224 0 -1 
226246 0 -1 
226252 0 -1 
226253 0 -1 
226254 0 -1 
226297 0 -1 
226311 0 -1 
226336 0 -1 
226350 0 -1 
226363 0 -1 
226365 0 -1 
226406 0 -1 
226407 0 -1 
227342 0 -1 
227351 0 -1 
227358 0 -1 
227362 0 -1 
227367 0 -1 
227375 0 -1 
227377 0 -1 
227379 0 -1 
227380 0 -1 
227441 0 -1 
227451 0 -1 
227456 0 -1 
227554 0 -1 
227704 0 -1 
227708 0 -1 
227709 0 -1 
227710 0 -1 
227711 0 -1 
227718 0 -1 
227719 0 -1 
227720 0 -1 
227721 0 -1 
227722 0 -1 
227723 0 -1 
227724 0 -1 
227726 0 -1 
227728 0 -1 
227730 0 -1 
227747 0 -1 
227749 0 -1 
227750 0 -1 
227782 0 -1 
227806 0 -1 
227808 0 -1 
227809 0 -1 
227810 0 -1 
227834 0 -1 
227867 0 -1 
227881 0 -1 
227882 0 -1 
227883 0 -1 
227884 0 -1 
227885 0 -1 
227886 0 -1 
227889 0 -1 
227892 0 -1 
227897 0 -1 
227903 0 -1 
228163 0 -1 
228361 0 -1 
228368 0 -1 
228397 0 -1 
228399 0 -1 
228400 0 -1 
228401 0 -1 
228402 0 -1 
228405 0 -1 
228406 0 -1 
228445 0 -1 
228450 0 -1 
228536 0 -1 
228575 0 -1 
228576 0 -1 
228581 0 -1 
228588 0 -1 
228596 0 -1 
228664 0 -1 
228683 0 -1 
228686 0 -1 
228687 0 -1 
228688 0 -1 
228691 0 -1 
228693 0 -1 
228694 0 -1 
228697 0 -1 
228698 0 -1 
228699 0 -1 
228734 0 -1 
228735 0 -1 
228738 0 -1 
228741 0 -1 
228763 0 -1 
228786 0 -1 
228819 0 -1 
228824 0 -1 
228827 0 -1 
228838 0 -1 
228849 0 -1 
228853 0 -1 
228873 0 -1 
228874 0 -1 
228875 0 -1 
228876 0 -1 
228878 0 -1 
228902 0 -1 
228995 0 -1 
229040 0 -1 
229084 0 -1 
229116 0 -1 
229170 0 -1 
229202 0 -1 
229204 0 -1 
229205 0 -1 
229313 0 -1 
229332 0 -1 
229334 0 -1 
229335 0 -1 
229385 0 -1 
229388 0 -1 
229389 0 -1 
229408 0 -1 
229436 0 -1 
229438 0 -1 
229448 0 -1 
229451 0 -1 
229489 0 -1 
229490 0 -1 
229534 0 -1 
229664 0 -1 
229672 0 -1 
229673 0 -1 
229674 0 -1 
229675 0 -1 
229676 0 -1 
229686 0 -1 
229688 0 -1 
229757 0 -1 
229759 0 -1 
229760 0 -1 
229763 0 -1 
229764 0 -1 
229772 0 -1 
229788 0 -1 
229789 0 -1 
229790 0 -1 
229877 0 -1 
229879 0 -1 
229880 0 -1 
229881 0 -1 
229896 0 -1 
229928 0 -1 
229934 0 -1 
229936 0 -1 
230005 0 -1 
230008 0 -1 
230009 0 -1 
230010 0 -1 
230058 0 -1 
230078 0 -1 
230275 0 -1 
230419 0 -1 
230435 0 -1 
230460 0 -1 
230461 0 -1 
230486 0 -1 
230487 0 -1 
230489 0 -1 
230490 0 -1 
230507 0 -1 
230508 0 -1 
230509 0 -1 
230536 0 146 
230536 340 -1 
230560 0 -1 
230562 0 -1 
230563 0 -1 
230565 0 -1 
230566 0 -1 
230568 0 -1 
230594 0 -1 
230595 0 -1 
230599 0 -1 
230615 0 -1 
230616 0 -1 
230620 0 -1 
230621 0 -1 
230622 0 -1 
230628 0 -1 
230769 0 -1 
230770 0 -1 
230773 0 -1 
230778 0 -1 
230782 0 -1 
230795 0 -1 
230887 0 -1 
230896 0 -1 
230921 0 -1 
230923 0 -1 
230946 0 -1 
230947 0 -1 
230965 0 -1 
230993 0 -1 
230996 0 -1 
231022 0 -1 
231055 0 -1 
231060 0 -1 
231081 0 -1 
231082 0 -1 
231083 0 -1 
231084 0 -1 
231123 0 -1 
231124 0 -1 
231125 0 -1 
231126 0 -1 
231130 0 -1 
231153 0 -1 
231155 0 140 
231156 0 -1 
231161 0 -1 
231179 0 -1 
231201 0 -1 
231203 0 -1 
231241 0 -1 
231247 0 -1 
231248 0 -1 
231250 0 -1 
231264 0 -1 
231289 0 -1 
231290 0 -1 
231294 0 -1 
231298 0 -1 
231334 0 -1 
231452 0 -1 
231453 0 -1 
231454 0 -1 
231478 0 -1 
231479 0 -1 
231481 0 -1 
231490 0 -1 
231491 0 -1 
231512 0 -1 
231514 0 -1 
231628 0 -1 
231693 0 -1 
231712 0 -1 
231741 0 -1 
231750 0 -1 
231781 0 -1 
231905 0 -1 
231907 0 -1 
231924 0 -1 
231927 0 -1 
231929 0 -1 
231964 0 -1 
231966 0 -1 
231973 0 -1 
232016 0 -1 
232022 0 -1 
232025 0 -1 
232026 0 -1 
232027 0 -1 
232028 0 -1 
232062 0 -1 
232065 0 -1 
232086 0 -1 
232087 0 -1 
232088 0 -1 
232089 0 -1 
232090 0 -1 
232098 0 -1 
232180 0 -1 
232185 0 -1 
232226 0 -1 
232240 0 -1 
232261 0 -1 
232264 0 -1 
232282 0 -1 
232283 0 -1 
232286 0 -1 
232297 0 -1 
232428 0 -1 
232429 0 -1 
232435 0 -1 
232436 0 -1 
232443 0 -1 
232444 0 -1 
232445 0 -1 
232456 0 -1 
232459 0 -1 
232492 0 -1 
232493 0 -1 
232494 0 -1 
232495 0 -1 
232496 0 -1 
232497 0 -1 
232498 0 -1 
232500 0 -1 
232510 0 -1 
232522 0 -1 
232551 0 -1 
232707 0 -1 
232711 0 -1 
232770 0 -1 
232781 0 -1 
232785 0 -1 
232788 0 -1 
232802 0 -1 
232803 0 -1 
232804 0 -1 
232812 0 -1 
232840 0 -1 
232841 0 -1 
233028 0 -1 
233030 0 -1 
233031 0 -1 
233035 0 -1 
233050 0 -1 
233070 0 -1 
233071 0 -1 
233076 0 -1 
233077 0 -1 
233078 0 -1 
233080 0 -1 
233081 0 -1 
233097 0 -1 
233098 0 -1 
233108 0 -1 
233109 0 -1 
233110 0 -1 
233111 0 -1 
233133 0 -1 
233134 0 -1 
233146 0 -1 
233171 0 -1 
233172 0 -1 
233174 0 -1 
233175 0 -1 
233499 0 -1 
233500 0 -1 
233501 0 -1 
233610 0 -1 
233614 0 -1 
233618 0 -1 
233649 0 -1 
233650 0 -1 
233656 0 -1 
233662 0 -1 
233743 0 -1 
233764 0 -1 
233798 0 -1 
233830 0 -1 
233846 0 -1 
233864 0 -1 
233865 0 -1 
233869 0 -1 
233929 0 -1 
234054 0 -1 
234265 0 -1 
234266 0 -1 
234269 0 -1 
234313 0 -1 
234314 0 -1 
234317 0 -1 
234318 0 -1 
234330 0 -1 
234339 0 -1 
234398 0 -1 
234409 0 -1 
234410 0 -1 
234411 0 -1 
234412 0 -1 
234413 0 -1 
234463 0 -1 
234471 0 -1 
234481 0 -1 
234571 0 740 
234572 0 -1 
234587 0 -1 
234588 0 -1 
234589 0 -1 
234591 0 -1 
234593 0 -1 
234653 0 -1 
234663 0 -1 
234669 0 -1 
234673 0 -1 
234675 0 -1 
234676 0 -1 
234677 0 -1 
234753 0 -1 
234754 0 -1 
234864 0 -1 
234875 0 -1 
234887 0 -1 
234917 0 -1 
234931 0 -1 
234972 0 -1 
234983 0 -1 
234984 0 -1 
234985 0 -1 
235001 0 -1 
235002 0 -1 
235003 0 -1 
235056 0 -1 
235073 0 -1 
235091 0 -1 
235092 0 -1 
235093 0 -1 
235114 0 -1 
235158 0 -1 
235159 0 -1 
235160 0 -1 
235163 0 -1 
235181 0 -1 
235190 0 -1 
235195 0 -1 
235224 0 -1 
235232 0 -1 
235389 0 -1 
235422 0 -1 
235423 0 -1 
235428 0 -1 
235430 0 -1 
235593 0 -1 
235594 0 -1 
235648 0 -1 
235663 0 -1 
235757 0 -1 
235765 0 -1 
235774 0 -1 
235777 0 -1 
235780 0 -1 
235791 0 -1 
235814 0 -1 
235815 0 -1 
235824 0 -1 
235830 0 -1 
235917 0 -1 
235924 0 -1 
235932 0 -1 
235982 0 -1 
235983 0 -1 
235993 0 -1 
236023 0 -1 
236039 0 -1 
236040 0 -1 
236132 0 -1 
236168 0 -1 
236254 0 -1 
236255 0 -1 
236256 0 -1 
236284 0 -1 
236286 0 -1 
236389 0 -1 
236399 0 -1 
236403 0 -1 
236503 0 -1 
236515 0 -1 
236517 0 -1 
236524 0 -1 
236526 0 -1 
236543 0 -1 
236580 0 -1 
236585 0 -1 
236629 0 -1 
236631 0 -1 
236652 0 -1 
236653 0 -1 
236752 0 -1 
236753 0 -1 
236756 0 -1 
236757 0 -1 
236759 0 -1 
236760 0 -1 
236761 0 -1 
236762 0 -1 
236763 0 -1 
236764 0 -1 
236780 0 -1 
236781 0 -1 
236806 0 -1 
236878 0 -1 
236879 0 -1 
236893 0 -1 
236965 0 -1 
237003 0 -1 
237045 0 -1 
237079 0 -1 
237093 0 -1 
237105 0 -1 
237108 0 -1 
237111 0 -1 
237118 0 -1 
237122 0 -1 
237143 0 -1 
237144 0 -1 
237152 0 -1 
237153 0 -1 
237226 0 -1 
237227 0 -1 
237294 0 -1 
237308 0 -1 
237309 0 -1 
237310 0 -1 
237311 0 -1 
237312 0 -1 
237313 0 -1 
237335 0 -1 
237346 0 -1 
237457 0 -1 
237478 0 -1 
237522 0 -1 
237539 0 -1 
237705 0 -1 
237795 0 -1 
237850 0 -1 
237851 0 -1 
237972 0 -1 
237980 0 -1 
237981 0 -1 
237983 0 -1 
237984 0 -1 
238234 0 -1 
238235 0 -1 
238236 0 -1 
238239 0 -1 
238240 0 -1 
238241 0 -1 
238341 0 -1 
238342 0 -1 
238347 0 -1 
238451 0 -1 
238452 0 -1 
238453 0 -1 
238454 0 -1 
238457 0 -1 
238492 0 -1 
238493 0 -1 
238495 0 -1 
238497 0 -1 
238513 0 -1 
238792 0 -1 
238793 0 -1 
238794 0 -1 
238817 0 -1 
238877 0 1058 
238917 0 -1 
238920 0 -1 
238926 0 -1 
238927 0 -1 
238952 0 -1 
238973 0 -1 
238981 0 -1 
238989 0 -1 
239000 0 -1 
239076 0 -1 
239101 269 -1 
239197 0 -1 
239207 0 -1 
239210 0 -1 
239215 0 -1 
239216 0 -1 
239218 0 -1 
239219 0 -1 
239230 0 -1 
239232 0 -1 
239252 0 -1 
239256 0 -1 
239276 0 -1 
239277 0 -1 
239332 0 -1 
239334 0 -1 
239338 0 -1 
239347 0 -1 
239350 0 -1 
239354 0 -1 
239356 0 -1 
239451 0 -1 
239486 0 -1 
239487 0 -1 
239503 0 -1 
239504 0 -1 
239552 0 -1 
239554 0 -1 
239627 0 -1 
239641 0 -1 
239648 0 -1 
239652 0 -1 
239671 0 -1 
239820 0 -1 
239822 0 -1 
239823 0 -1 
239853 0 -1 
239899 0 -1 
239900 0 -1 
239901 0 -1 
239905 0 -1 
239906 0 -1 
239923 0 -1 
239936 0 -1 
239955 0 -1 
239967 0 -1 
239974 0 -1 
239976 0 -1 
240033 0 -1 
240034 0 -1 
240035 0 -1 
240037 0 1970 
240066 0 -1 
240074 0 -1 
240087 0 -1 
240094 0 -1 
240097 0 -1 
240115 0 -1 
240130 0 -1 
240180 0 -1 
240230 0 -1 
240250 0 -1 
240261 0 -1 
240262 0 -1 
240295 0 -1 
240296 0 -1 
240297 0 -1 
240386 0 -1 
240387 0 -1 
240393 0 -1 
240394 0 -1 
240399 0 -1 
240400 0 -1 
240445 0 -1 
240449 0 -1 
240450 0 -1 
240451 0 -1 
240468 0 -1 
240610 0 -1 
240611 0 -1 
240618 0 -1 
240620 0 -1 
240630 0 -1 
240631 0 -1 
240632 0 -1 
240633 0 -1 
240645 0 -1 
240647 0 -1 
240652 0 -1 
240669 0 -1 
240672 0 -1 
240673 0 -1 
240788 0 -1 
240790 0 -1 
240792 0 -1 
240798 0 -1 
240801 0 -1 
240802 0 -1 
240803 0 -1 
240804 0 -1 
240831 0 -1 
240832 0 -1 
240833 0 -1 
240836 0 -1 
240837 0 -1 
240839 0 -1 
240840 0 -1 
240841 0 -1 
240842 0 -1 
240843 0 -1 
240844 0 -1 
240871 0 -1 
240872 0 -1 
240873 0 -1 
240893 0 -1 
240894 0 -1 
240895 0 -1 
240905 0 -1 
240912 0 -1 
240916 0 -1 
240927 0 -1 
240957 0 -1 
240964 0 -1 
240988 0 -1 
240995 0 -1 
240996 0 -1 
241002 0 -1 
241007 0 -1 
241008 0 -1 
241013 0 -1 
241038 0 -1 
241051 0 -1 
241060 0 -1 
241109 0 -1 
241110 0 -1 
241181 0 -1 
241256 0 -1 
241271 0 -1 
241491 0 -1 
241511 0 -1 
241584 0 -1 
241614 0 -1 
241615 0 -1 
241616 0 -1 
241617 0 -1 
241640 0 -1 
241641 0 -1 
241657 0 -1 
241664 0 -1 
241665 0 -1 
241666 0 -1 
241667 0 -1 
241669 0 -1 
241674 0 -1 
241675 0 -1 
241676 0 -1 
241677 0 -1 
241680 0 -1 
241684 0 -1 
241752 0 -1 
241754 0 -1 
241756 0 -1 
241757 0 -1 
241758 0 -1 
241816 0 -1 
241817 0 -1 
241819 0 -1 
242031 0 -1 
242033 0 -1 
242036 0 -1 
242037 0 -1 
242040 0 -1 
242041 0 -1 
242043 0 -1 
242101 0 -1 
242102 0 -1 
242113 0 -1 
242166 0 -1 
242167 0 -1 
242168 0 -1 
242192 0 -1 
242193 0 -1 
242289 0 -1 
242290 0 -1 
242291 0 -1 
242347 0 -1 
242348 0 -1 
242349 0 -1 
242351 0 -1 
242352 0 -1 
242354 0 -1 
242355 0 -1 
242356 0 -1 
242364 0 -1 
242381 0 -1 
242382 0 -1 
242488 0 -1 
242489 0 -1 
242557 0 -1 
242558 0 -1 
242565 0 -1 
242582 0 -1 
242583 0 -1 
242587 0 -1 
242588 0 -1 
242589 0 -1 
242595 0 -1 
242640 0 -1 
242646 0 -1 
242648 0 -1 
242649 0 -1 
242650 0 -1 
242651 0 -1 
242654 0 -1 
242658 0 -1 
242662 0 -1 
242665 0 -1 
242666 0 -1 
242668 0 -1 
242693 0 -1 
242694 0 -1 
242695 0 -1 
242696 0 -1 
242698 0 -1 
242699 0 -1 
242705 0 -1 
242706 0 -1 
242707 0 -1 
242708 0 -1 
242709 0 -1 
242710 0 -1 
242725 0 -1 
242727 0 -1 
242728 0 -1 
242729 0 -1 
242730 0 -1 
242734 0 -1 
242762 0 -1 
242764 0 -1 
242766 0 -1 
242768 0 -1 
242769 0 -1 
242791 0 -1 
242860 0 -1 
242861 0 -1 
242862 0 -1 
242863 0 -1 
242864 0 -1 
242865 0 -1 
242869 0 -1 
242872 0 -1 
242877 0 -1 
242880 0 -1 
242882 0 -1 
242883 0 -1 
242884 0 -1 
242887 0 -1 
242889 0 -1 
242890 0 -1 
243027 0 -1 
243028 0 -1 
243029 0 -1 
243030 0 -1 
243032 0 -1 
243033 0 -1 
243036 0 -1 
243037 0 -1 
243040 0 -1 
243041 0 -1 
243070 0 -1 
243117 0 -1 
243149 0 -1 
243163 0 -1 
243168 0 -1 
243174 0 -1 
243221 0 -1 
243223 0 -1 
243224 0 -1 
243233 0 -1 
243237 0 -1 
243238 0 -1 
243252 0 -1 
243253 0 -1 
243254 0 -1 
243255 0 -1 
243274 0 -1 
243350 0 -1 
243351 0 -1 
243352 0 -1 
243354 0 -1 
243395 0 -1 
243402 0 -1 
243404 0 -1 
243409 0 -1 
243411 0 -1 
243413 0 -1 
243419 0 -1 
243420 0 -1 
243422 0 -1 
243423 0 -1 
243425 0 -1 
243426 0 -1 
243521 0 -1 
243523 0 -1 
243648 0 -1 
243650 0 -1 
243655 0 -1 
243663 0 -1 
243668 0 -1 
243674 0 -1 
243675 0 -1 
243711 0 -1 
243712 0 -1 
243713 0 -1 
243715 0 -1 
243730 0 -1 
243732 0 -1 
243744 0 -1 
243787 0 -1 
243792 0 -1 
243808 0 -1 
243809 0 -1 
243833 0 -1 
243834 0 -1 
243837 0 -1 
243839 0 -1 
243840 0 -1 
243841 0 -1 
243842 0 -1 
243843 0 -1 
243918 0 -1 
243919 0 -1 
243928 0 -1 
243932 0 -1 
243995 0 -1 
243997 0 -1 
243998 0 -1 
244006 0 -1 
244007 0 -1 
244008 0 -1 
244186 0 -1 
244187 0 -1 
244188 0 -1 
244189 0 -1 
244190 0 -1 
244191 0 -1 
244194 0 -1 
244199 0 -1 
244297 0 -1 
244298 0 -1 
244299 0 -1 
244335 0 -1 
244339 0 -1 
244340 0 -1 
244342 0 -1 
244343 0 -1 
244344 0 -1 
244346 0 -1 
244415 0 -1 
244417 0 -1 
244420 0 -1 
244451 0 -1 
244452 0 -1 
244453 0 -1 
244455 0 -1 
244456 0 -1 
244457 0 -1 
244460 0 -1 
244463 0 -1 
244465 0 -1 
244484 0 -1 
244485 0 -1 
244487 0 -1 
244493 0 -1 
244495 0 -1 
244496 0 -1 
244497 0 -1 
244498 0 -1 
244501 0 -1 
244519 0 -1 
244521 0 -1 
244522 0 -1 
244523 0 -1 
244524 0 -1 
244525 0 -1 
244526 0 -1 
244527 0 -1 
244528 0 -1 
244537 0 -1 
244544 0 -1 
244545 0 -1 
244649 0 -1 
244651 0 -1 
244655 0 -1 
244674 0 -1 
244675 0 -1 
244676 0 -1 
244695 0 -1 
244696 0 -1 
244697 0 -1 
244720 0 -1 
244751 0 -1 
244752 0 -1 
244754 0 -1 
244761 0 -1 
244789 0 -1 
244792 0 -1 
244793 0 -1 
244933 0 -1 
244940 0 -1 
244941 0 -1 
244963 0 -1 
244966 0 -1 
244983 0 -1 
244995 0 -1 
244996 0 -1 
244998 0 -1 
245001 0 -1 
245021 0 -1 
245057 0 -1 
245058 0 726 
245059 0 -1 
245060 0 -1 
245062 0 -1 
245063 0 -1 
245091 0 -1 
245102 0 -1 
245210 0 -1 
245217 0 -1 
245218 0 -1 
245222 0 -1 
245224 0 -1 
245231 0 -1 
245280 0 -1 
245282 0 -1 
245283 0 -1 
245284 0 -1 
245285 0 -1 
245292 0 -1 
245294 0 -1 
245369 0 -1 
245371 0 -1 
245375 0 -1 
245445 0 -1 
245448 0 -1 
245454 0 -1 
245464 0 -1 
245480 0 -1 
245485 0 -1 
245486 0 -1 
245490 0 -1 
245494 0 -1 
245516 0 -1 
245517 0 -1 
245518 0 -1 
245639 0 -1 
245646 0 -1 
245712 0 -1 
245713 0 -1 
245715 0 -1 
245716 0 -1 
245728 0 -1 
245729 0 -1 
245772 0 -1 
245773 0 -1 
245774 0 -1 
245779 0 -1 
245783 0 -1 
245785 0 -1 
245821 0 -1 
245823 0 -1 
245824 0 -1 
245825 0 -1 
245826 0 -1 
245839 0 -1 
245844 0 -1 
245845 0 -1 
245848 0 -1 
245865 0 -1 
245918 0 -1 
245974 0 -1 
245975 0 -1 
245979 0 -1 
245981 0 -1 
245984 0 -1 
245985 0 -1 
245986 0 -1 
246023 0 -1 
246025 0 -1 
246037 0 -1 
246041 0 -1 
246042 0 -1 
246043 0 -1 
246047 0 -1 
246049 0 -1 
246051 0 -1 
246056 0 -1 
246058 0 -1 
246066 0 -1 
246074 0 -1 
246078 0 726 
246080 0 -1 
246081 0 -1 
246082 0 -1 
246083 0 -1 
246110 0 -1 
246111 0 -1 
246112 0 -1 
246116 0 -1 
246124 0 -1 
246125 0 -1 
246126 0 -1 
246127 0 -1 
246128 0 -1 
246132 0 -1 
246133 0 -1 
246134 0 -1 
246135 0 -1 
246136 0 -1 
246137 0 -1 
246138 0 -1 
246140 0 -1 
246153 0 -1 
246158 0 -1 
246159 0 -1 
246160 0 -1 
246186 0 -1 
246187 0 -1 
246221 0 -1 
246222 0 -1 
246223 0 -1 
246226 0 -1 
246229 0 -1 
253134 0 -1 
253179 0 -1 
253181 0 -1 
253182 0 -1 
253183 0 -1 
253196 0 -1 
253197 0 -1 
253198 0 -1 
253199 0 -1 
253200 0 -1 
253211 0 -1 
253213 0 -1 
253214 0 -1 
253216 0 -1 
253217 0 -1 
253218 0 -1 
253639 0 -1 
253676 0 -1 
253677 0 -1 
253706 0 -1 
253717 0 -1 
253718 0 -1 
253720 0 -1 
253721 0 -1 
253722 0 -1 
253725 0 -1 
253726 0 -1 
253727 0 -1 
253808 0 -1 
253810 0 -1 
253811 0 -1 
253830 0 -1 
253831 0 -1 
253833 0 -1 
253859 0 -1 
253862 0 -1 
253863 0 -1 
253866 0 -1 
253869 0 -1 
253870 0 -1 
253871 0 -1 
253878 0 -1 
253944 0 -1 
253945 0 -1 
253959 0 -1 
253960 0 -1 
253963 0 -1 
253964 0 -1 
253965 0 -1 
253969 0 -1 
253971 0 -1 
253973 0 -1 
253974 0 -1 
253975 0 -1 
254021 0 -1 
254024 0 -1 
254026 0 -1 
254027 0 -1 
254028 0 -1 
254029 0 -1 
254031 0 -1 
254303 0 -1 
254304 0 -1 
254307 0 -1 
254314 0 -1 
254315 0 -1 
254316 0 -1 
254317 0 -1 
254327 0 -1 
254341 0 -1 
254352 0 -1 
254361 0 -1 
254362 0 -1 
254371 0 -1 
254372 0 -1 
254380 0 -1 
254388 0 -1 
254389 0 -1 
254550 0 -1 
254553 0 -1 
254558 0 -1 
254567 0 -1 
254570 0 -1 
254572 0 -1 
254573 0 -1 
254662 0 -1 
254680 0 -1 
254683 0 -1 
